4109628.67188
4084884.42188
4062488.64062
4040325.17188
4018161.84375
3995956.40625
3973698.4375
3951370.40625
3928964.51562
3906470.84375
3883875.95312
3861179.3125
3838376.25
3815472.25
3792464.73438
3769355.35938
3746134.625
3722791.39062
3699332.48438
3675758.82812
3652067.17188
3628245.53125
3604293.82812
3580213.64062
3556002.70312
3531668.32812
3507209.78125
3482628.54688
3457925.75
3433104.0
3408163.35938
3383105.01562
3357929.57812
3332638.71875
3307232.6875
3281717.23438
3256092.09375
3230358.23438
3204519.73438
3178577.42188
3152531.60938
3126380.6875
3100126.32812
3073770.59375
3047316.95312
3020766.42188
2994122.95312
2967387.5
2940563.375
2913649.46875
2886648.59375
2859563.0625
2832394.60938
2805145.0625
2777815.26562
2750410.98438
2722934.4375
2695389.73438
2667779.45312
2640109.25
2612380.82812
2584600.45312
2556771.82812
2528898.25
2500984.60938
2473035.10938
2445054.3125
2417047.52344
2389017.91406
2360971.85156
2332914.47656
2304851.53125
2276787.0
2248729.78906
2220684.32031
2192657.28906
2164655.14062
2136683.60156
2108750.72656
2080862.92188
2053027.11719
2025249.54688
1997539.23438
1969900.99219
1942344.00781
1914875.23438
1887501.50781
1860231.25
1833070.89844
1806028.22656
1779110.32031
1752323.375
1725673.42188
1699164.77344
1672803.92188
1646598.17188
1620554.07031
1594677.13281
1568974.46094
1543451.82812
1518115.0625
1492971.4375
1468028.20312
1443292.02344
1418769.30469
1394467.10938
1370391.24219
1346548.10938
1322942.78125
1299581.16406
1276467.46094
1253607.74609
1231007.49609
1208672.41406
1186605.14844
1164809.28516
1143287.90234
1122043.99609
1101080.13281
1080399.28516
1060005.4375
1039899.75
1020085.59375
1000563.625
981336.332031
962403.703125
943766.136719
925424.214844
907378.964844
889632.5625
872187.054688
855042.742188
838200.183594
821658.546875
805417.035156
789475.582031
773835.242188
758496.167969
743458.542969
728722.429688
714287.046875
700151.550781
686316.003906
672780.035156
659543.726562
646605.794922
633965.353516
621620.648438
609570.013672
597812.119141
586345.119141
575166.382812
564273.289062
553662.800781
543332.814453
533280.623047
523503.986328
514000.455078
504767.789062
495802.898438
487103.21875
478665.662109
470487.666016
462565.458984
454895.546875
447472.339844
440289.949219
433341.464844
426620.339844
420120.171875
413835.449219
407761.265625
401893.259766
396227.548828
390760.84375
385489.662109
380409.986328
375518.453125
370810.890625
366283.701172
361933.298828
357755.806641
353747.439453
349904.789062
346223.509766
342699.095703
339326.654297
336100.922852
333016.478516
330067.394531
327248.039062
324553.689453
321980.490234
319525.680664
317186.87793
314961.59375
312847.371094
310841.489258
308940.449219
307140.708008
305438.147461
303828.311523
302307.249023
300871.186523
299516.835938
298240.820312
297039.298828
295908.391602
294844.511719
293844.612305
292906.415039
292027.6875
291206.195312
290439.569336
289725.666016
289062.351562
288447.665039
287879.585938
287356.044922
286874.635742
286433.109375
286028.594727
285658.737305
285320.925781
285012.954102
284732.352539
284477.333984
284246.1875
284036.998047
283848.049805
283677.192383
283522.598633
283382.646484
283255.782227
283140.811523
283036.822266
282942.71582
282857.618164
282780.433594
282710.419922
282646.636719
282588.678711
282536.073242
282488.582031
282446.084961
282408.40918
282375.338867
282346.356445
282321.291992
282299.604492
282280.794922
282264.734375
282251.073242
282239.800781
282230.755859
282223.924805
282219.098633
282215.912109
282214.060547
282213.045898
282212.611328
282212.398438
282212.27832
282212.276367
282212.234375
282212.214844
282212.192383
282212.195312
282212.179688
282212.150391
282212.15625
282212.135742
282212.128906
282212.110352
282212.084961
282212.063477
282212.051758
282212.03418
282212.010742
282211.992188
282211.976562
282211.949219
282211.93457
282211.913086
282211.888672
282211.876953
282211.850586
282211.84082
282211.810547
282211.791992
282211.774414
282211.750977
282211.71582
282211.701172
282211.672852
282211.635742
282211.608398
282211.574219
282211.542969
282211.517578
282211.485352
282211.467773
282211.433594
282211.398438
282211.373047
282211.341797
282211.308594
282211.282227
282211.230469
282211.201172
282211.160156
282211.132812
282211.108398
282211.060547
282211.018555
282210.982422
282210.929688
282210.890625
282210.849609
282210.795898
282210.748047
282210.707031
282210.650391
282210.612305
282210.560547
282210.508789
282210.458008
282210.384766
282210.329102
282210.27832
282210.231445
282210.176758
282210.128906
282210.056641
282209.993164
282209.930664
282209.869141
282209.787109
282209.710938
282209.625977
282209.560547
282209.491211
282209.418945
282209.347656
282209.268555
282209.198242
282209.123047
282209.02832
282208.955078
282208.882812
282208.798828
282208.700195
282208.631836
282208.558594
282208.458008
282208.373047
282208.28125
282208.196289
282208.118164
282208.010742
282207.914062
282207.798828
282207.692383
282207.585938
282207.491211
282207.380859
282207.256836
282207.154297
282207.053711
282206.946289
282206.841797
282206.728516
282206.612305
282206.493164
282206.360352
282206.260742
282206.140625
282206.008789
282205.878906
282205.750977
282205.606445
282205.463867
282205.330078
282205.205078
282205.068359
282204.924805
282204.777344
282204.631836
282204.459961
282204.287109
282204.116211
282203.949219
282203.766602
282203.577148
282203.383789
282203.188477
282202.981445
282202.788086
282202.581055
282202.341797
282202.143555
282201.919922
282201.675781
282201.458008
282201.214844
282200.963867
282200.723633
282200.454102
282200.175781
282199.880859
282199.606445
282199.296875
282198.996094
282198.68457
282198.366211
282198.041016
282197.682617
282197.319336
282196.958008
282196.605469
282196.227539
282195.829102
282195.470703
282195.083008
282194.697266
282194.298828
282193.865234
282193.444336
282193.043945
282192.626953
282192.183594
282191.758789
282191.316406
282190.868164
282190.408203
282190.010742
282189.583008
282189.145508
282188.695312
282188.285156
282187.814453
282187.349609
282186.907227
282186.416992
282185.96875
282185.519531
282185.058594
282184.577148
282184.085938
282183.589844
282183.060547
282182.551758
282182.035156
282181.493164
282180.976562
282180.421875
282179.879883
282179.31543
282178.772461
282178.236328
282177.661133
282177.061523
282176.466797
282175.875977
282175.277344
282174.648438
282174.018555
282173.407227
282172.766602
282172.169922
282171.569336
282170.938477
282170.360352
282169.738281
282169.158203
282168.557617
282167.976562
282167.40332
282166.825195
282166.264648
282165.677734
282165.105469
282164.542969
282163.993164
282163.431641
282162.853516
282162.259766
282161.679688
282161.066406
282160.481445
282159.898438
282159.308594
282158.714844
282158.110352
282157.541992
282156.9375
282156.331055
282155.720703
282155.112305
282154.491211
282153.845703
282153.205078
282152.554688
282151.929688
282151.256836
282150.616211
282149.962891
282149.288086
282148.594727
282147.880859
282147.212891
282146.532227
282145.819336
282145.083984
282144.338867
282143.613281
282142.891602
282142.174805
282141.40332
282140.637695
282139.873047
282139.105469
282138.339844
282137.568359
282136.763672
282135.963867
282135.176758
282134.360352
282133.533203
282132.695312
282131.871094
282131.018555
282130.160156
282129.337891
282128.442383
282127.567383
282126.679688
282125.845703
282124.977539
282124.12793
282123.240234
282122.349609
282121.470703
282120.574219
282119.675781
282118.763672
282117.87207
282116.938477
282116.000977
282115.084961
282114.173828
282113.277344
282112.331055
282111.384766
282110.455078
282109.530273
282108.589844
282107.670898
282106.720703
282105.788086
282104.834961
282103.845703
282102.897461
282101.902344
282100.902344
282099.893555
282098.902344
282097.884766
282096.859375
282095.842773
282094.807617
282093.743164
282092.665039
282091.599609
282090.508789
282089.43457
282088.363281
282087.289062
282086.196289
282085.116211
282084.013672
282082.897461
282081.723633
282080.546875
282079.394531
282078.245117
282077.074219
282075.890625
282074.745117
282073.550781
282072.334961
282071.144531
282069.914062
282068.712891
282067.482422
282066.267578
282065.00293
282063.75293
282062.491211
282061.224609
282059.939453
282058.636719
282057.34082
282056.011719
282054.701172
282053.387695
282052.061523
282050.699219
282049.357422
282047.981445
282046.597656
282045.21582
282043.841797
282042.486328
282041.101562
282039.679688
282038.181641
282036.792969
282035.373047
282033.953125
282032.498047
282030.995117
282029.526367
282028.018555
282026.525391
282025.035156
282023.526367
282021.981445
282020.426758
282018.941406
282017.361328
282015.833984
282014.275391
282012.692383
282011.099609
282009.481445
282007.889648
282006.300781
282004.703125
282003.098633
282001.476562
281999.834961
281998.226562
281996.570312
281994.916016
281993.290039
281991.613281
281989.881836
281988.206055
281986.516602
281984.806641
281983.124023
281981.375977
281979.645508
281977.910156
281976.139648
281974.348633
281972.582031
281970.792969
281968.977539
281967.195312
281965.381836
281963.579102
281961.75
281959.966797
281958.15332
281956.316406
281954.474609
281952.639648
281950.740234
281948.875
281947.0
281945.12793
281943.223633
281941.342773
281939.429688
281937.504883
281935.556641
281933.613281
281931.665039
281929.683594
281927.733398
281925.780273
281923.785156
281921.770508
281919.751953
281917.774414
281915.774414
281913.710938
281911.646484
281909.613281
281907.53125
281905.414062
281903.321289
281901.152344
281899.052734
281896.867188
281894.745117
281892.558594
281890.358398
281888.135742
281885.887695
281883.661133
281881.356445
281879.053711
281876.695312
281874.31543
281871.905273
281869.425781
281867.009766
281864.532227
281861.998047
281859.453125
281856.890625
281854.326172
281851.757812
281849.154297
281846.527344
281843.831055
281841.167969
281838.509766
281835.829102
281833.101562
281830.40918
281827.75293
281825.017578
281822.361328
281819.662109
281816.975586
281814.231445
281811.493164
281808.74707
281806.020508
281803.296875
281800.516602
281797.763672
281795.005859
281792.219727
281789.442383
281786.640625
281783.832031
281781.018555
281778.241211
281775.383789
281772.545898
281769.669922
281766.785156
281763.918945
281761.03125
281758.058594
281755.123047
281752.166016
281749.234375
281746.257812
281743.30957
281740.318359
281737.305664
281734.261719
281731.254883
281728.220703
281725.171875
281722.075195
281718.939453
281715.855469
281712.745117
281709.623047
281706.490234
281703.293945
281700.095703
281696.883789
281693.683594
281690.398438
281687.222656
281683.951172
281680.737305
281677.454102
281674.167969
281670.881836
281667.558594
281664.274414
281660.932617
281657.59668
281654.269531
281650.866211
281647.424805
281644.075195
281640.680664
281637.288086
281633.861328
281630.4375
281626.979492
281623.532227
281620.064453
281616.609375
281613.107422
281609.620117
281606.101562
281602.598633
281599.064453
281595.516602
281591.96875
281588.414062
281584.814453
281581.253906
281577.670898
281574.073242
281570.487305
281566.871094
281563.1875
281559.526367
281555.920898
281552.212891
281548.533203
281544.836914
281541.087891
281537.414062
281533.649414
281529.912109
281526.144531
281522.416992
281518.631836
281514.864258
281511.043945
281507.275391
281503.386719
281499.563477
281495.711914
281491.81543
281487.99707
281484.148438
281480.198242
281476.358398
281472.408203
281468.474609
281464.521484
281460.585938
281456.641602
281452.606445
281448.666992
281444.672852
281440.677734
281436.670898
281432.677734
281428.595703
281424.554688
281420.414062
281416.387695
281412.31543
281408.208008
281404.038086
281399.930664
281395.774414
281391.649414
281387.483398
281383.287109
281379.087891
281374.932617
281370.657227
281366.47168
281362.224609
281357.941406
281353.696289
281349.428711
281345.109375
281340.837891
281336.512695
281332.179688
281327.864258
281323.530273
281319.15918
281314.841797
281310.423828
281306.014648
281301.595703
281297.186523
281292.756836
281288.311523
281283.817383
281279.364258
281274.916016
281270.430664
281265.90625
281261.375
281256.814453
281252.310547
281247.84668
281243.242188
281238.649414
281234.063477
281229.481445
281224.897461
281220.288086
281215.649414
281210.996094
281206.349609
281201.704102
281197.003906
281192.299805
281187.621094
281182.884766
281178.191406
281173.443359
281168.645508
281163.932617
281159.233398
281154.383789
281149.59082
281144.77832
281139.930664
281135.120117
281130.302734
281125.414062
281120.551758
281115.751953
281110.881836
281105.986328
281101.082031
281096.225586
281091.270508
281086.387695
281081.424805
281076.529297
281071.52832
281066.507812
281061.552734
281056.532227
281051.527344
281046.522461
281041.467773
281036.430664
281031.40918
281026.291016
281021.228516
281016.219727
281011.09375
281006.017578
281000.899414
280995.796875
280990.618164
280985.420898
280980.290039
280975.191406
280970.021484
280964.826172
280959.62793
280954.427734
280949.244141
280944.009766
280938.804688
280933.573242
280928.274414
280923.012695
280917.78125
280912.455078
280907.194336
280901.858398
280896.56543
280891.211914
280885.842773
280880.517578
280875.171875
280869.776367
280864.426758
280859.05957
280853.657227
280848.262695
280842.807617
280837.485352
280831.987305
280826.540039
280821.102539
280815.625977
280810.192383
280804.706055
280799.233398
280793.686523
280788.214844
280782.693359
280777.162109
280771.624023
280766.112305
280760.542969
280754.952148
280749.432617
280743.839844
280738.231445
280732.588867
280726.972656
280721.363281
280715.700195
280710.15625
280704.494141
280698.772461
280693.121094
280687.447266
280681.783203
280676.083984
280670.321289
280664.625
280658.936523
280653.194336
280647.491211
280641.744141
280635.994141
280630.206055
280624.384766
280618.532227
280612.783203
280606.986328
280601.148438
280595.288086
280589.444336
280583.605469
280577.720703
280571.908203
280566.047852
280560.094727
280554.155273
280548.287109
280542.297852
280536.376953
280530.463867
280524.480469
280518.477539
280512.496094
280506.499023
280500.47168
280494.414062
280488.402344
280482.350586
280476.296875
280470.201172
280464.078125
280458.006836
280451.855469
280445.806641
280439.660156
280433.513672
280427.339844
280421.117188
280414.96582
280408.732422
280402.484375
280396.289062
280390.129883
280383.826172
280377.568359
280371.300781
280364.991211
280358.69043
280352.407227
280346.06543
280339.681641
280333.317383
280326.9375
280320.602539
280314.191406
280307.768555
280301.325195
280294.943359
280288.458008
280281.957031
280275.53418
280269.003906
280262.575195
280256.040039
280249.481445
280242.917969
280236.34375
280229.761719
280223.181641
280216.634766
280209.980469
280203.326172
280196.615234
280190.003906
280183.311523
280176.62793
280169.952148
280163.216797
280156.511719
280149.713867
280142.933594
280136.166992
280129.356445
280122.549805
280115.708984
280108.862305
280101.925781
280095.12207
280088.173828
280081.272461
280074.373047
280067.4375
280060.509766
280053.458984
280046.49707
280039.554688
280032.520508
280025.412109
280018.388672
280011.328125
280004.250977
279997.12793
279990.058594
279982.907227
279975.699219
279968.553711
279961.40332
279954.130859
279946.961914
279939.714844
279932.445312
279925.164062
279917.899414
279910.536133
279903.253906
279895.833008
279888.484375
279881.170898
279873.769531
279866.319336
279858.881836
279851.456055
279843.979492
279836.495117
279828.998047
279821.495117
279813.90332
279806.398438
279798.797852
279791.242188
279783.637695
279775.947266
279768.285156
279760.602539
279752.905273
279745.150391
279737.474609
279729.757812
279721.966797
279714.18457
279706.414062
279698.557617
279690.707031
279682.786133
279674.883789
279667.003906
279659.15918
279651.150391
279643.219727
279635.208008
279627.224609
279619.208984
279611.166992
279603.069336
279594.984375
279586.883789
279578.767578
279570.632812
279562.44043
279554.261719
279546.101562
279537.853516
279529.583008
279521.391602
279513.05957
279504.754883
279496.445312
279488.033203
279479.769531
279471.413086
279462.956055
279454.461914
279446.020508
279437.495117
279429.017578
279420.575195
279411.975586
279403.379883
279394.864258
279386.237305
279377.644531
279368.977539
279360.336914
279351.631836
279342.90625
279334.182617
279325.400391
279316.639648
279307.839844
279299.044922
279290.140625
279281.276367
279272.369141
279263.432617
279254.547852
279245.552734
279236.579102
279227.571289
279218.552734
279209.537109
279200.462891
279191.353516
279182.277344
279173.075195
279163.956055
279154.664062
279145.504883
279136.251953
279127.005859
279117.707031
279108.407227
279099.067383
279089.740234
279080.324219
279070.938477
279061.518555
279052.113281
279042.595703
279033.141602
279023.588867
279014.042969
279004.516602
278994.929688
278985.330078
278975.686523
278966.003906
278956.333008
278946.613281
278936.902344
278927.113281
278917.381836
278907.533203
278897.674805
278887.873047
278877.954102
278868.040039
278858.112305
278848.12207
278838.170898
278828.193359
278818.113281
278808.105469
278798.044922
278787.907227
278777.771484
278767.661133
278757.476562
278747.279297
278736.991211
278726.77832
278716.484375
278706.193359
278695.848633
278685.491211
278675.113281
278664.703125
278654.272461
278643.8125
278633.322266
278622.819336
278612.277344
278601.75293
278591.095703
278580.510742
278569.871094
278559.308594
278548.552734
278537.825195
278527.089844
278516.374023
278505.517578
278494.701172
278483.90332
278473.082031
278462.178711
278451.243164
278440.311523
278429.382812
278418.34668
278407.296875
278396.228516
278385.210938
278374.107422
278362.974609
278351.806641
278340.572266
278329.449219
278318.22168
278306.888672
278295.595703
278284.352539
278272.995117
278261.59668
278250.210938
278238.794922
278227.369141
278215.856445
278204.365234
278192.823242
278181.267578
278169.647461
278158.134766
278146.484375
278134.857422
278123.170898
278111.432617
278099.669922
278087.955078
278076.133789
278064.34668
278052.5
278040.651367
278028.689453
278016.774414
278004.875
277992.874023
277980.868164
277968.852539
277956.740234
277944.758789
277932.598633
277920.432617
277908.246094
277896.125977
277883.917969
277871.650391
277859.391602
277847.058594
277834.671875
277822.355469
277809.980469
277797.586914
277785.166016
277772.706055
277760.260742
277747.751953
277735.172852
277722.558594
277709.981445
277697.356445
277684.707031
277672.042969
277659.415039
277646.668945
277633.916992
277621.066406
277608.268555
277595.486328
277582.620117
277569.78418
277556.729492
277543.769531
277530.827148
277517.80957
277504.748047
277491.604492
277478.548828
277465.405273
277452.222656
277438.995117
277425.759766
277412.506836
277399.111328
277385.84082
277372.428711
277359.03418
277345.638672
277332.124023
277318.59668
277305.036133
277291.492188
277277.943359
277264.273438
277250.595703
277236.828125
277223.076172
277209.291992
277195.501953
277181.591797
277167.625977
277153.737305
277139.765625
277125.676758
277111.601562
277097.482422
277083.374023
277069.199219
277054.908203
277040.680664
277026.350586
277012.104492
276997.681641
276983.274414
276968.798828
276954.268555
276939.735352
276925.162109
276910.563477
276895.933594
276881.231445
276866.495117
276851.607422
276836.924805
276822.053711
276807.154297
276792.164062
276777.165039
276762.173828
276747.050781
276731.96875
276716.84668
276701.631836
276686.404297
276671.091797
276655.826172
276640.46582
276625.050781
276609.609375
276594.054688
276578.614258
276562.995117
276547.44043
276531.759766
276515.961914
276500.280273
276484.446289
276468.621094
276452.766602
276436.87207
276420.837891
276404.892578
276388.851562
276372.755859
276356.564453
276340.423828
276324.141602
276307.931641
276291.5625
276275.212891
276258.824219
276242.361328
276225.875977
276209.369141
276192.738281
276176.161133
276159.501953
276142.754883
276126.040039
276109.208008
276092.388672
276075.477539
276058.499023
276041.55957
276024.46875
276007.432617
275990.375977
275973.06543
275955.961914
275938.632812
275921.337891
275903.953125
275886.583008
275869.169922
275851.713867
275834.121094
275816.591797
275798.973633
275781.280273
275763.540039
275745.832031
275727.951172
275710.061523
275692.21582
275674.28125
275656.313477
275638.250977
275620.130859
275601.963867
275583.844727
275565.601562
275547.321289
275529.009766
275510.630859
275492.174805
275473.786133
275455.210938
275436.666016
275418.019531
275399.429688
275380.71875
275361.892578
275343.128906
275324.277344
275305.419922
275286.444336
275267.508789
275248.40625
275229.337891
275210.256836
275191.072266
275171.84375
275152.572266
275133.263672
275113.892578
275094.475586
275074.995117
275055.451172
275035.917969
275016.261719
274996.615234
274976.908203
274957.222656
274937.375
274917.510742
274897.649414
274877.602539
274857.658203
274837.633789
274817.507812
274797.393555
274777.174805
274756.922852
274736.655273
274716.283203
274695.952148
274675.530273
274655.026367
274634.408203
274613.826172
274593.254883
274572.608398
274551.895508
274531.06543
274510.175781
274489.305664
274468.430664
274447.425781
274426.364258
274405.305664
274384.251953
274362.983398
274341.914062
274320.517578
274299.158203
274277.845703
274256.417969
274234.916992
274213.395508
274191.855469
274170.205078
274148.454102
274126.801758
274105.048828
274083.206055
274061.299805
274039.391602
274017.426758
273995.366211
273973.318359
273951.103516
273928.993164
273906.826172
273884.514648
273862.182617
273839.820312
273817.384766
273794.860352
273772.381836
