60096285.9688
57607233.375
55061605.1875
52435204.0938
49731341.0938
46950490.4375
44100433.8125
41190527.625
38233485.0312
35247943.3125
32259444.4844
29299002.5938
26399230.1875
23593341.625
20910027.2812
18376036.3125
16009699.0391
13820317.8594
11813966.9297
9996983.5
8371084.72656
6935932.80078
5687362.51172
4618056.93359
3717932.05859
2975629.80469
2377193.32031
1906472.37695
1550950.89062
1297507.51562
1127411.35498
1018852.13916
954535.143066
918326.834473
896861.895508
885866.288574
881345.83252
879499.012207
879210.793457
879210.297852
879210.289062
879210.262207
879210.260254
879210.252441
879210.245605
879210.238281
879210.233887
879210.222656
879210.221191
879210.212402
879210.209961
879210.216797
879210.21582
879210.206055
879210.213379
879210.208984
879210.209473
879210.194336
879210.195801
879210.202637
879210.200684
879210.203125
879210.193848
879210.199707
879210.19873
879210.189453
879210.200195
879210.196289
879210.20166
879210.206543
879210.194824
879210.208008
879210.20166
879210.216309
879210.209961
879210.203613
879210.212891
879210.224609
879210.22168
879210.206543
879210.220215
879210.208008
879210.20752
879210.217773
879210.216309
879210.210938
879210.216309
879210.211914
879210.220215
879210.228516
879210.206055
879210.208984
879210.228027
879210.215332
879210.210449
879210.213379
879210.206543
879210.21875
879210.211914
879210.210938
879210.20166
879210.212891
879210.208008
879210.22168
879210.223145
879210.227051
879210.223633
879210.221191
879210.224121
879210.22998
879210.236816
879210.228516
879210.222168
879210.23291
879210.231934
879210.231445
879210.226074
879210.220215
879210.22168
879210.233398
879210.215332
879210.226562
879210.237305
879210.232422
879210.224609
879210.227051
879210.220215
879210.23291
879210.236328
879210.23877
879210.229004
879210.237305
879210.230957
879210.22998
879210.262207
879210.229492
879210.243652
879210.243164
879210.244141
879210.250977
879210.24707
879210.249023
879210.25293
879210.240723
879210.23584
879210.254883
879210.247559
879210.241699
879210.23584
879210.23291
879210.243652
879210.245605
879210.234375
879210.249023
879210.250488
879210.241211
879210.242676
879210.246582
879210.243652
879210.253418
879210.242676
879210.255859
879210.25293
879210.243164
879210.249512
879210.249512
879210.260742
879210.256836
879210.241211
879210.26709
879210.257812
879210.266113
879210.26416
879210.285156
879210.260254
879210.273438
879210.269043
879210.273438
879210.277344
879210.273926
879210.27832
879210.277832
879210.282715
879210.283691
879210.285156
879210.281738
879210.28125
879210.290039
879210.291504
879210.288574
879210.287598
879210.287598
879210.28418
879210.281738
879210.297363
879210.304199
879210.294434
879210.295898
879210.29248
879210.282715
879210.308594
879210.294922
879210.29541
879210.293457
879210.291504
879210.292969
879210.293945
879210.285645
879210.290039
879210.300781
879210.30127
879210.287598
879210.295898
879210.289062
879210.296875
879210.282227
879210.291504
879210.283691
879210.283203
879210.287598
879210.28418
879210.288574
879210.284668
879210.285645
879210.29248
879210.304688
879210.305664
879210.306152
879210.303711
879210.290039
879210.306641
879210.315918
879210.317383
879210.293945
879210.30957
879210.298828
879210.308105
879210.313477
879210.313477
879210.303223
879210.317871
879210.314453
879210.308594
879210.303223
879210.317383
879210.306641
879210.304688
879210.311035
879210.294434
879210.305176
879210.310059
879210.318359
879210.319336
879210.312012
879210.308105
879210.305176
879210.317871
879210.306152
879210.317871
879210.299316
879210.29541
879210.291016
879210.277344
879210.303223
879210.290527
879210.283691
879210.288574
879210.285645
879210.302734
879210.302246
879210.296387
879210.290039
879210.304199
879210.31543
879210.329102
879210.328125
879210.328613
879210.331055
879210.320801
879210.333496
879210.321777
879210.334473
879210.331055
879210.335449
879210.336914
879210.33252
879210.324219
879210.331543
879210.308594
879210.319824
879210.319336
879210.317871
879210.333984
879210.324219
879210.32373
879210.325684
879210.323242
879210.330078
879210.330078
879210.31543
879210.320312
879210.322266
879210.330566
879210.333496
879210.32666
879210.326172
879210.333984
879210.322754
879210.334961
879210.325684
879210.336914
879210.345215
879210.348633
879210.34082
879210.348145
879210.346191
879210.34082
879210.339844
879210.335938
879210.339355
879210.333496
879210.344238
879210.35498
879210.351562
879210.362305
879210.355957
879210.359375
879210.35791
879210.35791
879210.359375
879210.366699
879210.36377
879210.371582
879210.365234
879210.369629
879210.36377
879210.375977
879210.373047
879210.362793
879210.374512
879210.38623
879210.373535
879210.370605
879210.386719
879210.37793
879210.38916
879210.393555
879210.387207
879210.405762
879210.400391
879210.404785
879210.413574
879210.410156
879210.411133
879210.402832
879210.407715
879210.404785
879210.410156
879210.416016
879210.415527
879210.410645
879210.396484
879210.40332
879210.407227
879210.411133
879210.397949
879210.40918
879210.402832
879210.408691
879210.410645
879210.418945
879210.400391
879210.400879
879210.398926
879210.412109
879210.394531
879210.413086
879210.402344
879210.42041
879210.410156
879210.403809
879210.414551
879210.425293
879210.41748
879210.419922
879210.404785
879210.418945
879210.412598
879210.411621
879210.424316
879210.433594
879210.424316
879210.42627
879210.430664
879210.441406
879210.444336
879210.439941
879210.443359
879210.442871
879210.444336
879210.439453
879210.444824
879210.45166
879210.442871
879210.452148
879210.45752
879210.466309
879210.474609
879210.455566
879210.463379
879210.476074
879210.467285
879210.463867
879210.474121
879210.475098
879210.472656
879210.468262
879210.480469
879210.470215
879210.469727
879210.466309
879210.473633
879210.470215
879210.46875
879210.46875
879210.479004
879210.495605
879210.490234
879210.48584
879210.487793
879210.493164
879210.495117
879210.478027
879210.499023
879210.500977
879210.495117
879210.49707
879210.493652
879210.510254
879210.495117
879210.500977
879210.494629
879210.500488
879210.505859
879210.50293
879210.504395
879210.498535
879210.494629
879210.511719
879210.5
879210.5
879210.507812
879210.51709
879210.516113
879210.508301
879210.519531
879210.5
879210.524414
879210.521973
879210.522949
879210.522461
879210.526855
879210.513184
879210.530273
879210.525391
879210.530273
879210.524414
