1802011.89062
1796750.04688
1792387.15625
1788256.54688
1784208.82812
1780196.57812
1776200.90625
1772213.5625
1768231.96875
1764253.45312
1760277.4375
1756303.20312
1752330.875
1748358.14062
1744382.59375
1740404.73438
1736422.85938
1732439.0625
1728451.79688
1724461.92188
1720468.45312
1716472.5625
1712473.21875
1708470.54688
1704462.32812
1700451.8125
1696436.76562
1692415.46875
1688388.3125
1684354.64062
1680314.04688
1676266.64062
1672210.78125
1668148.875
1664079.625
1660002.875
1655917.51562
1651824.67188
1647723.29688
1643613.79688
1639496.54688
1635370.95312
1631237.89062
1627096.60938
1622946.34375
1618787.42188
1614618.96875
1610441.90625
1606256.39062
1602062.28125
1597859.70312
1593648.73438
1589430.40625
1585202.39062
1580968.14062
1576725.40625
1572475.375
1568216.8125
1563950.70312
1559676.95312
1555394.45312
1551106.0625
1546808.82812
1542503.25
1538190.92188
1533871.0625
1529543.78125
1525208.8125
1520866.98438
1516517.3125
1512161.54688
1507798.29688
1503428.4375
1499051.0625
1494668.42188
1490277.625
1485881.98438
1481478.9375
1477070.53125
1472655.20312
1468234.45312
1463807.51562
1459373.9375
1454934.73438
1450489.51562
1446038.46875
1441581.67188
1437118.67188
1432650.46875
1428176.98438
1423697.3125
1419212.71875
1414723.23438
1410228.75
1405729.48438
1401225.07812
1396715.71875
1392202.48438
1387684.32812
1383161.3125
1378634.14062
1374102.78125
1369566.96875
1365026.89062
1360482.5625
1355934.73438
1351382.6875
1346827.375
1342268.1875
1337705.0625
1333138.34375
1328569.23438
1323996.34375
1319420.79688
1314841.64062
1310260.1875
1305675.35938
1301087.92188
1296497.98438
1291905.40625
1287310.26562
1282713.26562
1278114.17188
1273513.45312
1268910.73438
1264306.875
1259701.17188
1255095.29688
1250488.07812
1245880.45312
1241271.98438
1236663.1875
1232053.96875
1227445.64062
1222837.04688
1218229.52344
1213622.01562
1209016.03125
1204410.86719
1199806.76562
1195204.50781
1190603.875
1186005.47656
1181409.57031
1176814.84375
1172223.78906
1167635.25
1163049.96094
1158468.01562
1153889.33594
1149315.03125
1144744.0625
1140178.35156
1135616.45312
1131060.00781
1126508.63281
1121962.67969
1117422.39062
1112888.26562
1108360.15625
1103838.19531
1099323.70312
1094815.21094
1090314.95312
1085822.19531
1081337.32031
1076860.77344
1072392.01562
1067932.61719
1063482.04688
1059040.61719
1054608.64844
1050186.375
1045774.63281
1041373.03906
1036982.23438
1032602.05469
1028233.26562
1023875.52344
1019529.79688
1015196.20312
1010874.29688
1006565.13281
1002268.85938
997985.148438
993715.09375
989457.859375
985214.75
980985.914062
976770.703125
972570.171875
968384.257812
964213.34375
960057.140625
955916.28125
951791.234375
947681.414062
943587.976562
939510.132812
935448.875
931404.203125
927375.90625
923365.367188
919371.59375
915395.429688
911436.84375
907496.054688
903573.882812
899669.726562
895784.3125
891917.8125
888070.460938
884242.03125
880432.8125
876643.40625
872874.132812
869124.75
865395.070312
861685.757812
857996.90625
854328.84375
850681.703125
847055.257812
843450.015625
839865.976562
836303.757812
832762.21875
829242.828125
825745.195312
822269.453125
818815.226562
815382.953125
811972.5
808584.320312
805218.625
801874.789062
798552.632812
795252.695312
791975.148438
788719.648438
785486.828125
782276.273438
779087.6875
775921.710938
772778.078125
769656.59375
766558.0
763481.773438
760427.59375
757396.226562
754387.148438
751400.335938
748436.0
745494.171875
742574.234375
739676.460938
736801.109375
733947.296875
731115.679688
728305.710938
725517.914062
722751.601562
720006.570312
717283.21875
714581.46875
711900.585938
709241.3125
706603.15625
703986.375
701390.4375
698815.960938
696262.382812
693729.664062
691218.257812
688727.6875
686257.726562
683808.765625
681380.820312
678973.179688
676586.382812
674220.15625
671874.21875
669549.273438
667244.71875
664960.304688
662696.3125
660452.976562
658229.90625
656026.867188
653844.234375
651681.84375
649539.4375
647417.203125
645314.765625
643232.664062
641170.078125
639127.859375
637104.992188
635102.351562
633119.0
631155.359375
629211.242188
627286.726562
625381.65625
623495.867188
621629.257812
619782.195312
617953.757812
616144.601562
614354.273438
612583.054688
610830.460938
609096.585938
607381.09375
605684.171875
604005.539062
602345.164062
600702.976562
599078.757812
597472.460938
595883.898438
594313.144531
592759.6875
591223.546875
589705.039062
588203.449219
586718.648438
585250.996094
583799.597656
582365.035156
580946.816406
579544.492188
578158.203125
576787.769531
575432.90625
574093.597656
572769.160156
571459.929688
570165.492188
568885.886719
567620.578125
566369.871094
565133.234375
563910.703125
562701.933594
561506.945312
560325.699219
559157.617188
558002.890625
556861.207031
555732.460938
554616.441406
553513.011719
552422.109375
551343.539062
550277.3125
549222.980469
548180.632812
547150.105469
546131.359375
545124.296875
544128.695312
543144.382812
542171.371094
541209.566406
540258.785156
539318.722656
538389.242188
537470.695312
536562.695312
535664.703125
534777.121094
533899.75
533032.523438
532175.308594
531327.929688
530490.199219
529662.460938
528844.171875
528035.234375
527236.019531
526446.03125
525665.476562
524893.9375
524131.53125
523378.21875
522633.707031
521898.285156
521171.433594
520453.234375
519743.582031
519042.457031
518349.597656
517665.296875
516989.097656
516321.039062
515661.03125
515009.101562
514364.667969
513728.394531
513099.484375
512478.378906
511864.941406
511258.675781
510660.160156
510068.480469
509484.039062
508906.683594
508336.527344
507773.089844
507216.734375
506667.15625
506124.144531
505588.175781
505058.625
504535.667969
504019.304688
503509.289062
503006.152344
502509.136719
502018.496094
501534.425781
501056.453125
500585.101562
500119.773438
499660.710938
