2111.66041183
2104.85289383
2098.08869934
2091.33376503
2084.58931351
2077.85407066
2071.12896919
2064.41334724
2057.70743561
2051.01200104
2044.32585716
2037.64976883
2030.98351097
2024.32701492
2017.68030548
2011.04305267
2004.41617966
1997.79928398
1991.19205093
1984.59483337
1978.00707245
1971.42971992
1964.86214066
1958.30455017
1951.7567749
1945.21862411
1938.6912384
1932.17284012
1925.66470909
1919.16627502
1912.6781292
1906.19993019
1899.73118782
1893.27262115
1886.82502556
1880.38640785
1873.95709991
1867.53839874
1861.13038254
1854.73155022
1848.34319305
1841.96400833
1835.59635925
1829.23806763
1822.88878822
1816.55021667
1810.22185898
1803.90351295
1797.59444237
1791.29623604
1785.00820732
1778.72974396
1772.46108627
1766.20264435
1759.95487213
1753.71720314
1747.48935127
1741.27111435
1735.06390953
1728.86601257
1722.67839622
1716.50070953
1710.33358765
1704.17632294
1698.02847481
1691.89207077
1685.76512146
1679.64865494
1673.54174042
1667.44584846
1661.35954094
1655.28359032
1649.21700859
1643.16181755
1637.11643219
1631.08062935
1625.05601501
1619.04076958
1613.03611946
1607.04110718
1601.05730247
1595.08339882
1589.11929512
1583.16543198
1577.22164822
1571.28855228
1565.36592102
1559.45307446
1553.55118656
1547.65869904
1541.77677727
1535.90570831
1530.04397964
1524.19301319
1518.3520298
1512.52140141
1506.70171261
1500.89174747
1495.09214115
1489.30293751
1483.5239315
1477.75515366
1471.99758911
1466.24973583
1460.51220322
1454.78484058
1449.06820488
1443.3616066
1437.66595936
1431.97991467
1426.30469418
1420.63992023
1414.98516655
1409.34121799
1403.70715523
1398.08414936
1392.47153568
1386.86882973
1381.27692509
1375.69535351
1370.12444496
1364.56344795
1359.01332283
1353.47375298
1347.94412041
1342.42547512
1336.91709423
1331.41871548
1325.93140793
1320.4546175
1314.9881916
1309.53223133
1304.0866375
1298.6520853
1293.22772217
1287.81332207
1282.41028118
1277.01762295
1271.63518047
1266.26377201
1260.9025898
1255.55188084
1250.21165371
1244.8822794
1239.56339073
1234.25472736
1228.95670414
1223.66962242
1218.39310074
1213.12693501
1207.87194633
1202.62711716
1197.39292526
1192.16920662
1186.9567461
1181.75437355
1176.56285954
1171.38180828
1166.21166897
1161.05156326
1155.90295887
1150.76467419
1145.6368227
1140.52005672
1135.41375637
1130.31819439
1125.23281193
1120.15925121
1115.09528637
1110.04277897
1105.00080204
1099.96933651
1094.9484663
1089.93902016
1084.93981361
1079.951231
1074.97391319
1070.00671101
1065.05070686
1060.10560989
1055.17089272
1050.24720097
1045.33431149
1040.43240738
1035.54072189
1030.65962029
1025.79022503
1020.93104744
1016.08307362
1011.24563789
1006.41913795
1001.60330772
996.798705101
992.004567146
987.221647263
982.449394226
977.687923431
972.937132835
968.197530746
963.469044685
958.751103401
954.044290543
949.348061562
944.662601471
939.988616943
935.32502079
930.672924995
926.031141281
921.400489807
916.78099823
912.172212601
907.574590683
902.987995148
898.411680222
893.847294807
889.293339729
884.750183105
880.218213081
875.697649002
871.187220573
866.688539505
862.20041275
857.723509789
853.25790596
848.802729607
844.358874321
839.925948143
835.503783226
831.093314171
826.693325996
822.304812431
817.927097321
813.560653687
809.204930305
804.860616684
800.527242184
796.205179214
791.893811226
787.593841553
783.305119991
779.027370453
774.760632038
770.505078793
766.260304928
762.027098656
757.804412842
753.593560696
749.393815994
745.204852581
741.027260303
736.860819817
732.705469608
728.561218262
724.428262234
720.306522846
716.195687771
712.09664011
708.008541107
703.931705475
699.865763664
695.811308861
691.767688274
687.735925198
683.714933395
679.705177784
675.706743717
671.719889164
667.743950367
663.77920723
659.825977325
655.883734226
651.952980995
648.033480167
644.125367165
640.228089809
636.342695713
632.468610764
628.605165005
624.75340414
620.913058281
617.084035873
613.266380787
609.459975243
605.664540291
601.881009102
598.10880661
594.347513199
590.597988605
586.859663486
583.133068085
579.41709137
575.712972641
572.020272255
568.339147568
564.668946743
561.010306358
557.363034248
553.727519512
550.103085041
546.49022007
542.888898373
539.298629284
535.720638275
532.15320158
528.597374439
525.053046227
521.52035141
517.99901247
514.488991261
510.990998745
507.503594398
504.028569698
500.564722061
497.112123013
493.671189785
490.241828918
486.823932171
483.417857647
480.022667885
476.639478683
473.267500401
469.907168865
466.558843613
463.221597195
459.896063328
456.581897259
453.279315948
449.988597393
446.709068775
443.441473484
440.185143471
436.940552235
433.708045483
430.486390114
427.276689529
424.078641891
420.891922474
417.716902256
414.553647518
411.402033329
408.261978149
405.133791447
402.016861439
398.911847591
395.818344831
392.736393452
389.666407108
386.607683659
383.561159134
380.525739431
377.502471924
374.490754128
371.491032362
368.502355814
365.525731087
362.560942888
359.607702494
356.666313648
353.736358404
350.818654537
347.912221432
345.017725706
342.134850264
339.263947725
336.404585361
333.557080984
330.721128225
327.897199869
325.084801674
322.284775019
319.495931149
316.719117165
313.953764915
311.200776339
308.459335804
305.729351997
303.011390924
300.304950953
297.610959291
294.928776979
292.258383274
289.599471807
286.952727556
284.317232132
281.6942451
279.083019733
276.483412981
273.895771265
271.320275068
268.756197453
266.204075813
263.663921118
261.135686159
258.619564772
256.114998817
253.622186899
251.141827583
248.673155308
246.216207266
243.771256208
241.338277817
238.917095661
236.508094311
234.110895395
231.725719213
229.352332592
226.991154432
224.64171648
222.304073811
219.978710413
217.665190935
215.363677502
213.074133635
210.796811819
208.531153679
206.277536392
204.035982132
201.806364536
199.588832855
197.383357882
195.189685583
193.008177757
190.838812828
188.681195974
186.535864711
184.402391315
182.281090736
180.171752691
178.074437499
175.989288092
173.916267514
171.855162501
169.806002975
167.769006014
165.744182229
163.731360793
161.730854511
159.742157936
157.765584707
155.80127275
153.848900914
151.908580422
149.980486751
148.064519763
146.160706162
144.268986225
142.389278769
140.521795869
138.666493773
136.82332778
134.992208362
133.173226118
131.366466522
129.571856856
127.789509892
126.019114733
124.261082172
122.515080094
120.781279922
119.059718609
117.350400209
115.653076649
113.968230128
112.295418143
110.634677172
108.986273766
107.350131154
105.726134658
104.114358664
102.514821291
100.927519917
99.3525232673
97.789528966
96.2389726043
94.7005546093
93.174600482
91.6607000232
90.1591107845
88.6697511077
87.192648828
85.7279010415
84.2753513455
82.8350257277
81.4070816636
79.9913000464
78.5879060626
77.1967759728
75.817946136
74.4513389468
73.0970306993
71.7551466227
70.4256111383
69.108261764
67.8032898307
66.5105361938
65.2301159501
63.9621720314
62.7065384388
61.4631685615
60.2321328521
59.0135037303
57.8071311116
56.6132262945
55.4316276312
54.2623652816
53.1055318713
51.9609645605
50.8287926912
49.7090741098
48.6016178131
47.5066678524
46.4239024818
45.3537147343
44.2958902717
43.2505058348
42.2173563242
41.196705699
40.1885195374
39.1926219761
38.209253937
37.2381920218
36.2795934677
35.3334699273
34.3996780515
33.4784763157
32.5696075261
31.673194766
30.7891734838
29.9176876545
29.0585633814
28.2120203078
27.3778424561
26.5560739636
25.7468343973
24.9500095546
24.1657650322
23.3938957453
22.6345587969
21.8877039999
21.1533181518
20.4313737154
19.7219952494
19.0251012295
18.3406583965
17.6687826663
17.0093305111
16.3624655306
15.7280822992
15.1062332988
14.4968245625
13.9000453353
13.315760538
12.7439509258
12.1847104579
11.6380131543
11.1038664654
10.5822286308
10.073186554
9.57660631835
9.0926246345
8.62121940404
8.16235840321
7.71605826914
7.28230019659
6.86111118644
6.45254935324
6.05652683228
5.67308364436
5.30219923705
4.9439127408
4.59823483229
4.26512828097
3.94462207332
3.63670315221
3.3413865827
3.05872472003
2.78860835917
2.53111659735
2.28623513691
2.05397523195
1.83434662223
1.62731661554
1.43293183297
1.25116323214
1.08201294392
0.925524670631
0.781658896245
0.650443023071
0.531868681777
0.425932633458
0.332658795174
0.252026566304
0.184047207003
0.128736630897
0.0860833705519
0.0562884942919
0.0395872926165
0.0337988077663
0.03348421189
0.0334839860443
0.0334839860443
0.0334839860443
0.0334839860443
0.0334839860443
0.0334839860443
0.0334839860443
0.0334839860443
0.0334839860443
0.0334839860443
0.0334839860443
0.0334839860443
0.0334839860443
0.0334839860443
0.0334839860443
0.0334839860443
0.0334839860443
0.0334839860443
0.0334839860443
0.0334839860443
0.0334839860443
0.0334839860443
0.0334839860443
0.0334839860443
0.0334839860443
0.0334839860443
0.0334839860443
0.0334839860443
0.0334839860443
0.0334839860443
0.0334839860443
0.0334839860443
0.0334839860443
0.0334839860443
0.0334839860443
0.0334839860443
0.0334839860443
0.0334839860443
0.0334839860443
0.0334839860443
0.0334839860443
0.0334839860443
0.0334839860443
0.0334839860443
0.0334839860443
0.0334839860443
0.0334839860443
0.0334839860443
0.0334839860443
0.0334839860443
0.0334839860443
0.0334839860443
0.0334839860443
0.0334839860443
0.0334839860443
0.0334839860443
0.0334839860443
0.0334839860443
0.0334839860443
0.0334839860443
0.0334839860443
0.0334839860443
0.0334839860443
0.0334839860443
0.0334839860443
0.0334839860443
0.0334839860443
0.0334839860443
0.0334839860443
0.0334839860443
0.0334839860443
0.0334839860443
0.0334839860443
0.0334839860443
0.0334839860443
0.0334839860443
0.0334839860443
0.0334839860443
0.0334839860443
0.0334839860443
0.0334839860443
0.0334839860443
0.0334839860443
0.0334839860443
0.0334839860443
0.0334839860443
0.0334839860443
0.0334839860443
0.0334839860443
0.0334839860443
0.0334839860443
0.0334839860443
0.0334839860443
0.0334839860443
0.0334839860443
0.0334839860443
0.0334839860443
0.0334839860443
0.0334839860443
0.0334839860443
0.0334839860443
0.0334839860443
0.0334839860443
0.0334839860443
0.0334839860443
0.0334839860443
0.0334839860443
0.0334839860443
0.0334839860443
0.0334839860443
0.0334839860443
0.0334839860443
0.0334839860443
0.0334839860443
0.0334839860443
0.0334839860443
0.0334839860443
0.0334839860443
0.0334839860443
0.0334839860443
0.0334839860443
0.0334839860443
0.0334839860443
0.0334839860443
0.0334839860443
0.0334839860443
0.0334839860443
0.0334839860443
0.0334839860443
0.0334839860443
0.0334839860443
0.0334839860443
0.0334839860443
0.0334839860443
0.0334839860443
0.0334839860443
0.0334839860443
0.0334839860443
0.0334839860443
0.0334839860443
0.0334839860443
0.0334839860443
0.0334839860443
0.0334839860443
0.0334839860443
0.0334839860443
0.0334839860443
0.0334839860443
0.0334839860443
0.0334839860443
0.0334839860443
0.0334839860443
0.0334839860443
0.0334839860443
0.0334839860443
0.0334839860443
0.0334839860443
0.0334839860443
0.0334839860443
0.0334839860443
0.0334839860443
0.0334839860443
0.0334839860443
0.0334839860443
0.0334839860443
0.0334839860443
0.0334839860443
0.0334839860443
0.0334839860443
0.0334839860443
0.0334839860443
0.0334839860443
0.0334839860443
0.0334839860443
0.0334839860443
0.0334839860443
0.0334839860443
0.0334839860443
0.0334839860443
0.0334839860443
0.0334839860443
0.0334839860443
0.0334839860443
0.0334839860443
0.0334839860443
0.0334839860443
0.0334839860443
0.0334839860443
0.0334839860443
0.0334839860443
0.0334839860443
0.0334839860443
0.0334839860443
0.0334839860443
0.0334839860443
0.0334839860443
0.0334839860443
0.0334839860443
0.0334839860443
0.0334839860443
0.0334839860443
0.0334839860443
0.0334839860443
0.0334839860443
0.0334839860443
0.0334839860443
0.0334839860443
0.0334839860443
0.0334839860443
0.0334839860443
0.0334839860443
0.0334839860443
0.0334839860443
0.0334839860443
0.0334839860443
0.0334839860443
0.0334839860443
0.0334839860443
0.0334839860443
0.0334839860443
0.0334839860443
0.0334839860443
0.0334839860443
0.0334839860443
0.0334839860443
0.0334839860443
0.0334839860443
0.0334839860443
0.0334839860443
0.0334839860443
0.0334839860443
0.0334839860443
0.0334839860443
0.0334839860443
0.0334839860443
0.0334839860443
0.0334839860443
0.0334839860443
0.0334839860443
0.0334839860443
0.0334839860443
0.0334839860443
0.0334839860443
0.0334839860443
0.0334839860443
0.0334839860443
0.0334839860443
0.0334839860443
0.0334839860443
0.0334839860443
0.0334839860443
0.0334839860443
0.0334839860443
0.0334839860443
0.0334839860443
0.0334839860443
0.0334839860443
0.0334839860443
0.0334839860443
0.0334839860443
0.0334839860443
0.0334839860443
0.0334839860443
0.0334839860443
0.0334839860443
0.0334839860443
0.0334839860443
0.0334839860443
0.0334839860443
0.0334839860443
0.0334839860443
0.0334839860443
0.0334839860443
0.0334839860443
0.0334839860443
0.0334839860443
0.0334839860443
0.0334839860443
0.0334839860443
0.0334839860443
0.0334839860443
0.0334839860443
0.0334839860443
0.0334839860443
0.0334839860443
0.0334839860443
0.0334839860443
0.0334839860443
0.0334839860443
0.0334839860443
0.0334839860443
0.0334839860443
0.0334839860443
0.0334839860443
0.0334839860443
0.0334839860443
0.0334839860443
0.0334839860443
0.0334839860443
0.0334839860443
0.0334839860443
0.0334839860443
0.0334839860443
0.0334839860443
0.0334839860443
0.0334839860443
0.0334839860443
0.0334839860443
0.0334839860443
0.0334839860443
0.0334839860443
0.0334839860443
0.0334839860443
0.0334839860443
0.0334839860443
0.0334839860443
0.0334839860443
0.0334839860443
0.0334839860443
0.0334839860443
0.0334839860443
0.0334839860443
0.0334839860443
0.0334839860443
0.0334839860443
0.0334839860443
0.0334839860443
0.0334839860443
0.0334839860443
0.0334839860443
0.0334839860443
0.0334839860443
0.0334839860443
0.0334839860443
0.0334839860443
0.0334839860443
0.0334839860443
0.0334839860443
0.0334839860443
0.0334839860443
0.0334839860443
0.0334839860443
0.0334839860443
0.0334839860443
0.0334839860443
0.0334839860443
0.0334839860443
0.0334839860443
0.0334839860443
0.0334839860443
0.0334839860443
0.0334839860443
0.0334839860443
0.0334839860443
0.0334839860443
0.0334839860443
0.0334839860443
0.0334839860443
0.0334839860443
0.0334839860443
0.0334839860443
0.0334839860443
0.0334839860443
0.0334839860443
0.0334839860443
0.0334839860443
0.0334839860443
0.0334839860443
0.0334839860443
0.0334839860443
0.0334839860443
0.0334839860443
0.0334839860443
0.0334839860443
0.0334839860443
0.0334839860443
0.0334839860443
0.0334839860443
0.0334839860443
0.0334839860443
0.0334839860443
0.0334839860443
0.0334839860443
0.0334839860443
0.0334839860443
0.0334839860443
0.0334839860443
0.0334839860443
0.0334839860443
0.0334839860443
0.0334839860443
0.0334839860443
0.0334839860443
0.0334839860443
0.0334839860443
0.0334839860443
0.0334839860443
0.0334839860443
0.0334839860443
0.0334839860443
0.0334839860443
