592.166049004
394.024089098
245.298658013
135.466357231
62.3991039991
22.8009932041
10.7292609438
10.2044647411
10.2044534385
10.2044497505
10.2044368684
10.2044407874
10.2044360712
10.2044224441
10.2044182718
10.2044072375
10.204392761
10.2043794319
10.2043762431
10.2043519095
10.2043470517
10.2043712661
10.2043406218
10.204342097
10.2043081373
10.2043123916
10.2043208629
10.2042891532
10.2043013126
10.2042930126
10.2042709365
10.2042772099
10.2042632625
10.2042638436
10.2042465806
10.2042407021
10.2042481825
10.2042171806
10.2042035535
10.2042017728
10.2042222396
10.2041905895
10.2041647062
10.2041780204
10.2041646466
10.2041553259
10.2041507885
10.2041455209
10.2041461766
10.2041194215
10.2041181773
10.204117775
10.2041147575
10.2041201741
10.2041123286
10.2040774673
10.2040924057
10.2040674686
10.2040697187
10.2040737271
10.2040315717
10.2040611282
10.2040151805
10.2040279433
10.204014942
10.2040054873
10.203998588
10.2040102854
10.2039771006
10.2039693743
10.2039629221
10.2039668113
10.2039550915
10.2039472833
10.2039184943
10.2039188966
10.2039164901
10.2039056197
10.203912884
10.2038860917
10.2038680017
10.2038769498
10.2038470581
10.2038510516
10.2038413435
10.2038357854
10.2038220838
10.2038192153
10.2038062736
10.2037889063
10.2037841752
10.2037815824
10.2037791982
10.2037585527
10.2037671804
10.2037282363
10.2037451863
10.2037274539
10.2037254795
10.2037202567
10.203712143
10.2036975846
10.2037050873
10.2036956698
10.2036873847
10.2036770284
10.2036688998
10.203677468
10.2036517039
10.2036510631
10.2036476135
10.2036379874
10.2036244571
10.2036238462
10.2036344633
10.203601636
10.2035945803
10.2035901025
10.2035927474
10.2035656199
10.2035536319
10.2035458684
10.2035621107
10.2035354152
10.2035425603
10.2035139725
10.203512013
10.2035002485
10.2034914196
10.2034963444
10.2034958154
10.2034778744
10.2034698352
10.203461729
10.2034518272
10.2034423798
10.2034396902
10.2034320459
10.2034337968
10.2034125179
10.203407988
10.20340994
10.2033820003
10.2033760324
10.2033745795
10.2033622637
10.2033608705
10.2033535093
10.2033352405
10.2033259273
10.2033224627
10.2033196315
10.2033064514
10.203335084
10.2032891586
10.2032894567
10.2032617331
10.2032937557
10.2032480389
10.2032656223
10.2032644451
10.2032508627
10.2032334879
10.2032231241
10.2032267749
10.203227289
10.2031802759
10.2031885013
10.2031810731
10.2031915486
10.2031661868
10.2031546757
10.2031652108
10.2031402513
10.2031477317
10.2031475902
10.2031226382
10.2031288818
10.203105092
10.2031031027
10.2030924261
10.2030900195
10.2030789331
10.2030731067
10.2030674517
10.2030652761
10.2030435055
10.2030359358
10.2030302286
10.203044951
10.2030085474
10.2029999942
10.20299308
10.203006357
10.203001745
10.2029891089
10.2029728442
10.2029697597
10.2029639482
10.2029462531
10.2029546499
10.202932924
10.202926226
10.2029172629
10.2029177248
10.2028920129
10.2028875053
10.2028749883
10.202884905
10.2028851882
10.2028592527
10.2028445676
10.2028306276
10.2028507292
10.2028171122
10.2028200328
10.2028193399
10.2028056979
10.2027858421
10.2027650103
10.202789925
10.2027707696
10.2027708218
10.202755712
10.2027508169
10.2027384266
10.2027271017
10.2027198821
10.2027122453
10.2027095631
10.202688165
10.2027082816
10.2026806027
10.2026777565
10.2026628852
10.2026693374
10.2026619241
10.2026370168
10.2026373744
10.2026222646
10.2026197016
10.202605918
10.2025984824
10.2025902197
10.2025638595
10.2025954425
10.2025686726
10.2025638297
10.2025501803
10.2025489584
10.2025486976
10.202541545
10.2025166973
10.2025244907
10.2025027573
10.2024741992
10.2024974823
10.202472128
10.2024697363
10.2024712414
10.2024804056
10.2024496794
10.2024379522
10.2024263665
10.2024182603
10.2024161741
10.2023876905
10.202384457
10.2023824528
10.2023630366
10.202359274
10.202371791
10.2023569718
10.202357538
10.2023402154
10.2023133561
10.2023057938
10.20230674
10.2022874206
10.2022898495
10.202270098
10.2022973374
10.2022702768
10.2022553161
10.2022611871
10.2022549585
10.2022367343
10.2022431865
10.202223137
10.2022281364
10.2021997496
10.2022215053
10.2021666393
10.2021954134
10.2021626458
10.2021737173
10.2021531016
10.2021602094
10.202152878
10.2021426409
10.2021496147
10.2021372169
10.202118367
10.2021181732
10.2021007985
10.2021037191
10.2020882219
10.2020723373
10.2020823807
10.2020564005
10.202066645
10.2020490468
10.2020383552
10.2020343691
10.2020153627
10.2020165548
10.2019957826
10.2020046338
10.2019667178
10.201961711
10.2019795775
10.2019696906
10.201954782
10.2019491717
10.2019426227
10.2019415572
10.2019230947
10.201926209
10.201908499
10.2019162402
10.2018878683
10.2018886581
10.201876916
10.2018711343
10.2018800303
10.2018625736
10.2018558457
10.2018373683
10.2018513754
10.2018114626
10.20182015
10.2017995864
10.2018109187
10.2017781958
10.2017991096
10.2017662674
10.201786831
10.2017620802
10.2017582953
10.2017567307
10.2017614916
10.2017281651
10.2017392442
10.2017251402
10.2017216459
10.2016933188
10.2017016038
10.2017060518
10.2016773298
10.2016794458
10.2016690224
10.2016464695
10.2016485408
10.2016372159
10.2016517818
10.2016057223
10.2016291767
10.2015947402
10.201594837
10.2015908062
10.2015737072
10.201554969
10.2015843242
10.2015466839
10.2015460506
10.2015366927
10.2015336081
10.2015256807
10.2015206367
10.2014950961
10.201522544
10.2014879137
10.2014856264
10.2014797106
10.2014658004
10.2014828101
10.2014563456
10.2014600858
10.201466389
10.2014163285
10.2014373168
10.2014418766
10.2014022321
10.2014043778
10.2013709247
10.2014009356
10.2013884038
10.2013827115
10.2013831958
10.2013636902
10.201350145
10.2013498172
10.2013465986
10.2013265714
10.2013115957
10.2013204172
10.2013069093
10.2013174519
10.2012958974
10.2012972981
10.2012917772
10.2012852877
10.2012673393
10.2012849227
10.2012604848
10.2012585551
10.2012575492
10.2012225688
10.2012291327
10.201197125
10.2012246475
10.201205112
10.2011971921
10.2011979744
10.2011966631
10.201181367
10.2011783123
10.2011703178
10.2011410594
10.2011370808
10.2011314854
10.2011451423
10.2011047155
10.2011029571
10.2010953873
10.2010974362
10.2010876313
10.2010863647
10.2010541707
10.2010730281
10.2010604516
10.2010243386
10.2010253295
10.2010309622
10.2010087371
10.2010211721
10.2010059729
10.2009927779
10.2010065019
10.2009923756
10.2009780034
10.2009672672
10.2009680122
10.2009553164
10.2009413913
10.2009311989
10.2009238452
10.2009100541
10.2009028792
10.2008975446
10.2009044364
10.2008689046
10.200886488
10.2008733377
10.2008637488
10.2008467838
10.2008385882
10.2008312792
10.2008382902
10.2008310258
10.2007961199
10.2008081302
10.2008185536
10.2007893696
10.2007752508
10.2007694393
10.2007532567
10.2007537708
10.2007479519
10.2007423937
10.2007353753
10.200709641
10.2007177323
10.2007296905
10.2006918862
10.2007090971
10.2006786242
10.2006691545
10.2006809786
10.2006467953
10.2006561086
10.2006505504
10.2006232217
10.2006340474
10.2006292939
10.2006129324
10.2006101534
10.2006095573
10.2006006241
10.2005852088
10.200565733
10.2005484626
10.2005535513
10.200561583
10.2005397454
10.2005386129
10.2005168274
10.2005244046
10.2004999295
10.2005033791
10.2004815862
10.2004988194
10.2004654258
10.2004550174
10.2004595771
10.2004758939
10.2004431039
10.2004375532
10.2004331425
10.2004269809
10.2004230842
10.2003899813
10.2003878132
10.2003828064
10.2003756687
10.2003683373
10.2003772333
10.2003628835
10.2003787383
10.2003435791
10.2003586963
10.2003368214
10.2003299594
10.2003190368
10.2003210708
10.2003111988
10.2002844289
10.2002935186
10.2002841607
10.2002854273
10.2002986595
10.2002479807
10.2002751976
10.2002495974
10.2002386749
10.2002483234
10.2002217174
10.2002228126
10.2002017722
10.2001952231
10.2001966015
10.200188905
10.200188376
10.2001878023
10.2001635507
10.2001571506
10.2001529559
10.2001476288
10.2001463622
10.2001279518
10.2001171336
10.200105764
10.2001074255
10.2001140565
10.2001071349
10.200090602
10.200086236
10.2000593469
10.2000683695
10.2000517249
10.2000433952
10.2000339106
10.2000126615
10.2000220492
10.2000109702
10.2000124604
10.1999948025
10.2000005394
10.199988924
10.1999732405
10.199960418
10.1999612078
10.1999485865
10.1999379173
10.1999415457
10.1999244764
10.1999342293
10.1999312341
10.1999244913
10.1999066398
10.1998703182
10.1998979002
10.1998703405
10.1998874247
10.1998413801
10.1998587027
10.1998434737
10.1998206005
10.199841328
10.1998240948
10.199818477
10.1998094246
10.1998029202
10.1997919157
10.1997774541
10.1997650489
10.1997445002
10.1997620836
10.1997600719
10.1997476593
10.1997304261
10.1997459307
10.1997226328
10.1997048482
10.1997024119
10.1996772736
10.1996859014
10.1996803284
10.1996622309
10.1996551156
10.1996493489
10.1996541545
10.1996339187
10.1996373162
10.1996171549
10.1996312514
10.1995870098
10.199607797
10.1995818391
10.1995740682
10.1995793208
10.1995787621
10.1995540783
10.1995643228
10.1995440125
10.1995376796
10.1995369643
10.1995208859
10.1995170563
10.1995056346
10.1994936243
10.1994936094
10.1994779631
10.1994950697
10.1994687989
10.1994703263
10.1994611695
10.1994650513
10.199451305
10.1994412243
10.1994309425
10.1994299144
10.1994257197
10.1994069889
10.1994128451
10.1994073167
10.1993992031
10.1994014233
10.1993862838
10.1993764713
10.1993672997
10.1993694678
10.199339062
10.1993513033
10.1993287131
10.1993140429
10.1993289292
10.199327901
10.1993038654
10.1992979348
10.199283734
10.1992827281
10.1992608979
10.1992680952
10.1992524862
10.199244827
10.1992368773
10.1992400959
10.1992358267
10.1992170885
10.1992163137
10.1992182136
10.199197337
10.199192211
10.1991643831
10.1991615668
10.1991560385
10.1991647631
10.1991471201
10.1991386265
10.1991392225
10.1991293505
10.1991171166
10.199114278
10.1990974769
10.1990857795
10.1990991309
10.1990725845
10.1990723982
10.199069038
10.1990677118
10.199051179
10.1990337968
10.1990277618
10.1990368292
10.1990114525
10.1990029365
10.198991634
10.1989941522
10.1989879385
10.1989856511
10.1989783496
10.1989661157
10.1989441067
10.1989482269
10.1989426762
10.1989405081
10.1989214718
10.1989123225
10.1989142448
10.1989027262
10.1988901943
10.1988927349
10.1988887191
10.1988706142
10.1988646239
10.1988430247
10.1988485307
10.1988284662
10.1988250315
10.1988167167
10.1988270879
10.1988133118
10.1988083273
10.1987848505
10.1988018528
10.1987717003
10.1987627596
10.1987524182
10.1987549514
10.1987528652
10.1987331212
10.1987379268
10.1987283826
10.1987247989
10.1987055689
10.1987022236
10.198695235
10.1987097487
10.1986847371
10.1986733302
10.1986662447
10.1986606792
10.198668398
10.198666513
10.1986424103
10.198623471
10.1986233592
10.1986170337
10.1985989586
10.1986064836
10.1985901222
10.1985751167
10.1985716447
10.1985663474
10.1985708401
10.1985504702
10.1985550299
10.1985479891
10.1985274032
10.1985208988
10.1985161453
10.1985041425
10.1984868348
10.1984909028
10.1984670088
10.1984779909
10.1984592974
10.1984584257
10.1984673813
10.1984605566
10.1984366253
10.1984342411
10.1984240189
10.1984156668
10.1984045506
10.1984183639
10.1983981282
10.198394157
10.1983766109
10.1983842924
10.198358506
10.1983719543
10.1983505189
10.1983647197
10.1983232573
10.1983278245
10.1983267963
10.1983167529
10.1983030513
10.1983089745
10.198294051
10.1982730031
10.1982679069
10.1982681006
10.1982652843
10.1982548386
10.1982409731
10.1982419193
10.1982322037
10.1982323006
10.1982361972
10.1982084736
10.1982140467
10.198211059
10.198208876
10.1981884614
10.1981716827
10.1981641501
10.1981449053
10.1981482431
10.1981441379
10.1981411055
10.1981300414
10.1981255114
10.1981062293
10.1981043518
10.1980982721
10.19807823
10.1980750337
10.1980723739
10.1980616599
10.1980705783
10.1980479583
10.1980335861
10.1980401725
10.1980298087
10.1980295926
10.1980107427
10.1980073154
10.1979928613
10.1980123892
10.1979831085
10.1979731023
10.1979651153
10.197942555
10.1979397982
10.1979236305
10.1979324967
10.1979173645
10.1978980154
10.1978887096
10.1978932992
10.1978980154
10.1978792027
10.1978793815
10.1978951693
10.1978625432
10.1978464946
10.1978555173
10.1978461221
10.1978303343
10.1978147626
10.197810322
10.1978176236
10.1977789253
10.1977938861
10.1977813095
10.1977870166
10.1977661327
10.1977630481
10.1977617294
10.1977422163
10.1977296993
10.1977379844
10.1977285743
10.1977252588
10.1977015734
10.1977040842
10.1977114603
10.197692059
10.1976964101
10.1976756975
10.1976781264
10.1976594999
10.1976552755
10.1976689696
10.1976488456
10.1976441294
10.1976311505
10.1976208612
10.1976263076
10.1976134256
10.1975924075
10.1976000443
10.1976008564
10.1975851953
10.1975796744
10.1975663081
10.1975667477
10.1975602433
10.1975500733
10.1975556985
10.1975421384
10.1975219771
10.1975358725
10.1975228265
10.1974979639
10.1974981204
10.1974987537
10.1974781826
10.197480984
10.1974525377
10.1974474266
10.1974485666
10.1974347532
10.1974160299
10.197419472
10.1973948404
10.1973991692
10.197392635
10.1973869801
10.1973639876
10.1973843724
10.1973717511
10.1973458752
10.1973302886
10.1973172352
10.1973264739
10.1973094642
10.1973102093
10.1972859874
10.1973035932
10.1972922906
10.1972887442
10.1972735599
10.1972724646
10.1972529441
10.1972419396
10.1972507238
10.1972407177
10.1972378567
10.1972293854
10.1972074211
10.1971997395
10.1972124204
10.1972099245
10.1971884593
10.1971888915
10.1971760094
10.1971633062
10.1971726865
10.197160475
10.1971503943
10.1971374601
10.1971354187
10.1971234381
10.1971254572
10.1971022487
10.1970802918
10.1970998123
10.1970612109
10.1970775425
10.1970764175
10.1970773712
10.1970537975
10.1970429197
10.197039105
10.1970169395
10.1970340312
10.1970258728
10.1969994307
10.1969893426
10.1969955787
10.1969889328
10.1969684064
10.1969614699
10.1969792843
10.1969394162
10.196943894
10.1969335601
10.1969155744
10.1969238222
10.1969024017
10.1968957931
10.1968793646
10.1968952641
10.1968879998
10.1968816146
10.1968637779
10.1968511939
10.1968531907
10.1968447939
10.1968391761
10.1968326122
10.1968353912
10.1968029663
10.1967856064
10.1967975274
10.1967756227
