XValue
Actual
Predicted
10.0
0.0041042,0.025952,0.32906,0.033702,0.0097044,0.004356,0.0024033,0.0014683,0.00096441,0.00066995,0.00047865,
-1.4377,-3.84222,0.340182,-0.402994,-3.8787,-3.35856,-4.75923,-7.61788,-11.2025,-9.80171,-7.26947,
10.5
0.004973,0.030971,0.39545,0.041589,0.011894,0.0053239,0.0029329,0.0017903,0.0011752,0.000816,0.00058281,
-1.34456,-3.57857,0.505359,-0.155194,-3.47101,-2.98906,-4.34641,-7.09188,-10.5181,-9.19229,-6.79542,
100.0
0.9704,2.1399,3.3457,4.0825,4.8477,4.0022,3.5088,3.5505,3.7386,3.8697,3.8415,
0.985357,2.15298,3.36053,4.54067,4.66839,3.87361,3.68956,3.77673,3.78945,3.16755,2.40607,
