XValue
Actual
Predicted
10.0
0.0041042,0.025952,0.32906,0.033702,0.0097044,0.004356,0.0024033,0.0014683,0.00096441,0.00066995,0.00047865,
0.331779,-1.47531,0.217281,-0.395579,-4.03892,-3.40496,-4.01545,-6.15711,-9.28666,-10.455,-7.16841,
10.5
0.004973,0.030971,0.39545,0.041589,0.011894,0.0053239,0.0029329,0.0017903,0.0011752,0.000816,0.00058281,
0.282251,-1.39372,0.420448,-0.151289,-3.62365,-3.01514,-3.65461,-5.75719,-8.78357,-9.89793,-6.75488,
100.0
0.9704,2.1399,3.3457,4.0825,4.8477,4.0022,3.5088,3.5505,3.7386,3.8697,3.8415,
0.977691,2.14248,3.31949,4.66732,4.67628,3.84567,3.66818,3.86609,3.94981,3.57281,2.53907,
