XValue
Actual
Predicted
10.0
0.0041042,0.025952,0.32906,0.033702,0.0097044,0.004356,0.0024033,0.0014683,0.00096441,0.00066995,0.00047865,
-0.756906,-1.67391,1.7331,3.2611,1.98328,0.399093,-0.67542,-1.17741,-1.29986,-1.25676,-1.44344,
10.5
0.004973,0.030971,0.39545,0.041589,0.011894,0.0053239,0.0029329,0.0017903,0.0011752,0.000816,0.00058281,
-0.694019,-1.53721,1.79489,3.31016,2.09077,0.529645,-0.51428,-1.00532,-1.14402,-1.10911,-1.3053,
100.0
0.9704,2.1399,3.3457,4.0825,4.8477,4.0022,3.5088,3.5505,3.7386,3.8697,3.8415,
0.942835,2.11345,3.34376,4.5394,4.52194,3.85933,3.60133,3.59028,3.26534,2.54439,2.13455,
