XValue
Actual
Predicted
10.0
0.0041042,0.025952,0.32906,0.033702,0.0097044,0.004356,0.0024033,0.0014683,0.00096441,0.00066995,0.00047865,
0.617445,-1.2192,-0.199246,-0.410353,-4.05699,-4.6562,-5.14269,-6.40628,-8.87099,-10.1388,-7.6366,
10.5
0.004973,0.030971,0.39545,0.041589,0.011894,0.0053239,0.0029329,0.0017903,0.0011752,0.000816,0.00058281,
0.548689,-1.10751,0.0392575,-0.152338,-3.61558,-4.1882,-4.68282,-5.93568,-8.32738,-9.50689,-7.13359,
100.0
0.9704,2.1399,3.3457,4.0825,4.8477,4.0022,3.5088,3.5505,3.7386,3.8697,3.8415,
0.909724,2.10507,3.3563,4.58762,4.71201,3.83548,3.6239,3.80729,3.97241,3.58365,2.51956,
