XValue
Actual
Predicted
10.0
0.0041042,0.025952,0.32906,0.033702,0.0097044,0.004356,0.0024033,0.0014683,0.00096441,0.00066995,0.00047865,
-1.66604,-4.12623,0.539652,-0.190472,-3.73771,-3.25557,-4.51448,-6.8572,-8.83195,-7.11097,-5.76449,
10.5
0.004973,0.030971,0.39545,0.041589,0.011894,0.0053239,0.0029329,0.0017903,0.0011752,0.000816,0.00058281,
-1.55595,-3.84353,0.681614,0.0416839,-3.31662,-2.88856,-4.11081,-6.36059,-8.24022,-6.61311,-5.35498,
100.0
0.9704,2.1399,3.3457,4.0825,4.8477,4.0022,3.5088,3.5505,3.7386,3.8697,3.8415,
0.942793,2.11902,3.35223,4.53409,4.6502,3.8688,3.67029,3.74958,3.68819,2.95194,2.29819,
