XValue
Actual
Predicted
10.0
0.0041042,0.025952,0.32906,0.033702,0.0097044,0.004356,0.0024033,0.0014683,0.00096441,0.00066995,0.00047865,
-0.436998,-1.46944,-1.08537,-0.434038,-1.95333,-4.1877,-5.12896,-6.17791,-7.14162,-9.1458,-7.23939,
10.5
0.004973,0.030971,0.39545,0.041589,0.011894,0.0053239,0.0029329,0.0017903,0.0011752,0.000816,0.00058281,
-0.436233,-1.39236,-0.786689,-0.166637,-1.6964,-3.74051,-4.68608,-5.76697,-6.78437,-8.75489,-6.89884,
100.0
0.9704,2.1399,3.3457,4.0825,4.8477,4.0022,3.5088,3.5505,3.7386,3.8697,3.8415,
0.95243,2.13085,3.35637,4.68588,4.77574,3.84078,3.62206,3.75269,3.92215,3.91675,3.04679,
