Train_X:[ 10.]
Train_Y:
0.0041042,0.025952,0.32906,0.033702,0.0097044,0.004356,0.0024033,0.0014683,0.00096441,0.00066995,0.00047865,Eval _Y:
[-0.75690627 -1.67390895  1.73310161  3.26110315  1.98327911  0.39909279
 -0.67541969 -1.1774075  -1.29985738 -1.25675952 -1.44344401],
Train_X:[ 10.5]
Train_Y:
0.004973,0.030971,0.39545,0.041589,0.011894,0.0053239,0.0029329,0.0017903,0.0011752,0.000816,0.00058281,
Train_X:[ 100.]
Train_Y:
0.9704,2.1399,3.3457,4.0825,4.8477,4.0022,3.5088,3.5505,3.7386,3.8697,3.8415,
