34021.8697205
33774.3814087
33527.8456116
33280.9798584
33033.7833252
32786.2970886
32538.5258789
32290.4759521
32042.1806946
31793.6487427
31544.8867188
31295.9256897
31046.7642212
30797.4220886
30547.9151001
30298.2550354
30048.4606628
29798.5328979
29548.5010681
29298.3672791
29048.147644
28797.8538513
28547.5019836
28297.0950317
28046.6621399
27796.1994324
27545.728241
27295.2561035
27044.8020935
26794.3721008
26543.9823914
26293.6451111
26043.3698425
25793.1725769
25543.0722198
25293.0728149
25043.1891022
24793.4441223
24543.8405457
24294.4031982
24045.140686
23796.0665741
23547.2036591
23298.5604706
23050.1602936
22802.0205383
22554.1495667
22306.5747528
22059.3110352
21812.3738251
21565.7872162
21319.5677795
21073.7401428
20828.3203888
20583.3283844
20338.7932587
20094.7286682
19851.1635132
19608.1156158
19365.6137238
19123.6755524
18882.3284607
18641.6017456
18401.5110474
18162.0875092
17923.3583069
17685.3424835
17448.072052
17211.5688629
16975.8625488
16740.975235
16506.9415741
16273.7797394
16041.5185699
15810.1929169
15579.8196259
15350.4267273
15122.0458679
14894.7022552
14668.4168243
14443.2229919
14219.145874
13996.2059021
13774.4350891
13553.8529968
13334.4902649
13116.3675842
12899.5093765
12683.9408188
12469.687767
12256.7696457
12045.2093201
11835.030899
11626.2549286
11418.8998871
11212.9970169
11008.5505219
10805.5940781
10604.1380386
10404.2071457
10205.8155746
10008.9878235
9813.73069
9620.06726837
9428.01308441
9237.58265686
9048.79264069
8861.6585083
8676.19084167
8492.40852356
8310.32229614
8129.94710541
7951.29161835
7774.37398529
7599.2013092
7425.78577423
7254.14352417
7084.28083801
6916.21147156
6749.94337463
6585.49138641
6422.86032104
6262.06577682
6103.11222076
5946.01482391
5790.78137207
5637.41991806
5485.9432373
5336.35667038
5188.67177582
5042.89929199
4899.04673767
4757.12598801
4617.14507675
4479.11245346
4343.03939438
4208.93426132
4076.80624008
3946.66675568
3818.52312088
3692.38638687
3568.26501465
3446.16973495
3326.10720062
3208.08911896
3092.12395287
2978.22092438
2866.38854599
2756.63515091
2648.97111893
2543.40271568
2439.93927765
2338.58973694
2239.36018181
2142.25676346
2047.28924179
1954.46357155
1863.78458786
1775.25971603
1688.89186287
1604.68975258
1522.65413761
1442.89809132
1365.49645329
1290.26085472
1217.19020653
1146.28581619
1077.54877186
1010.98026657
946.578867912
884.345692635
824.279401779
766.378349781
710.639781475
657.061526775
605.639536858
556.370878696
509.250108719
464.272455215
421.432220936
380.723580122
342.139144659
305.672465563
271.314857483
239.059158564
208.936016083
180.955757141
155.034939647
131.162135005
109.327287495
89.5193135738
71.7611789703
56.0265224576
42.2737819254
30.5158213675
20.7190306187
12.8705018684
6.94456953555
2.90926687978
0.707597435336
0.0995583501062
0.0794862716575
0.078362776374
0.0783396315528
0.078339573578
0.0783387725241
0.0783387338743
0.0783387338743
0.0783387338743
0.0783387338743
0.0783387338743
0.0783387338743
0.0783387338743
0.0783387338743
0.0783387338743
0.0783387338743
0.0783387338743
0.0783387338743
0.0783387338743
0.0783387338743
0.0783387338743
0.0783387338743
0.0783387338743
0.0783387338743
0.0783387338743
0.0783387338743
0.0783387338743
0.0783387338743
0.0783387338743
0.0783387338743
0.0783387338743
0.0783387338743
0.0783387338743
0.0783387338743
0.0783387338743
0.0783387338743
0.0783387338743
0.0783387338743
0.0783387338743
0.0783387338743
0.0783387338743
0.0783387338743
0.0783387338743
0.0783387338743
0.0783387338743
0.0783387338743
0.0783387338743
0.0783387338743
0.0783387338743
0.0783387338743
0.0783387338743
0.0783387338743
0.0783387338743
0.0783387338743
0.0783387338743
0.0783387338743
0.0783387338743
0.0783387338743
0.0783387338743
0.0783387338743
0.0783387338743
0.0783387338743
0.0783387338743
0.0783387338743
0.0783387338743
0.0783387338743
0.0783387338743
0.0783387338743
0.0783387338743
0.0783387338743
0.0783387338743
0.0783387338743
0.0783387338743
0.0783387338743
0.0783387338743
0.0783387338743
0.0783387338743
0.0783387338743
0.0783387338743
0.0783387338743
0.0783387338743
0.0783387338743
0.0783387338743
0.0783387338743
0.0783387338743
0.0783387338743
0.0783387338743
0.0783387338743
0.0783387338743
0.0783387338743
0.0783387338743
0.0783387338743
0.0783387338743
0.0783387338743
0.0783387338743
0.0783387338743
0.0783387338743
0.0783387338743
0.0783387338743
0.0783387338743
0.0783387338743
0.0783387338743
0.0783387338743
0.0783387338743
0.0783387338743
0.0783387338743
0.0783387338743
0.0783387338743
0.0783387338743
0.0783387338743
0.0783387338743
0.0783387338743
0.0783387338743
0.0783387338743
0.0783387338743
0.0783387338743
0.0783387338743
0.0783387338743
0.0783387338743
0.0783387338743
0.0783387338743
0.0783387338743
0.0783387338743
0.0783387338743
0.0783387338743
0.0783387338743
0.0783387338743
0.0783387338743
0.0783387338743
0.0783387338743
0.0783387338743
0.0783387338743
0.0783387338743
0.0783387338743
0.0783387338743
0.0783387338743
0.0783387338743
0.0783387338743
0.0783387338743
0.0783387338743
0.0783387338743
0.0783387338743
0.0783387338743
0.0783387338743
0.0783387338743
0.0783387338743
0.0783387338743
0.0783387338743
0.0783387338743
0.0783387338743
0.0783387338743
0.0783387338743
0.0783387338743
0.0783387338743
0.0783387338743
0.0783387338743
0.0783387338743
0.0783387338743
0.0783387338743
0.0783387338743
0.0783387338743
0.0783387338743
0.0783387338743
0.0783387338743
0.0783387338743
0.0783387338743
0.0783387338743
0.0783387338743
0.0783387338743
0.0783387338743
0.0783387338743
0.0783387338743
0.0783387338743
0.0783387338743
0.0783387338743
0.0783387338743
0.0783387338743
0.0783387338743
0.0783387338743
0.0783387338743
0.0783387338743
0.0783387338743
0.0783387338743
0.0783387338743
0.0783387338743
0.0783387338743
0.0783387338743
0.0783387338743
0.0783387338743
0.0783387338743
0.0783387338743
0.0783387338743
0.0783387338743
0.0783387338743
0.0783387338743
0.0783387338743
0.0783387338743
0.0783387338743
0.0783387338743
0.0783387338743
0.0783387338743
0.0783387338743
0.0783387338743
0.0783387338743
0.0783387338743
0.0783387338743
0.0783387338743
0.0783387338743
0.0783387338743
0.0783387338743
0.0783387338743
0.0783387338743
0.0783387338743
0.0783387338743
0.0783387338743
0.0783387338743
0.0783387338743
0.0783387338743
0.0783387338743
0.0783387338743
0.0783387338743
0.0783387338743
0.0783387338743
0.0783387338743
0.0783387338743
0.0783387338743
0.0783387338743
0.0783387338743
0.0783387338743
0.0783387338743
0.0783387338743
0.0783387338743
0.0783387338743
0.0783387338743
0.0783387338743
0.0783387338743
0.0783387338743
0.0783387338743
0.0783387338743
0.0783387338743
0.0783387338743
0.0783387338743
0.0783387338743
0.0783387338743
0.0783387338743
0.0783387338743
0.0783387338743
0.0783387338743
0.0783387338743
0.0783387338743
0.0783387338743
0.0783387338743
0.0783387338743
0.0783387338743
0.0783387338743
0.0783387338743
0.0783387338743
0.0783387338743
0.0783387338743
0.0783387338743
0.0783387338743
0.0783387338743
0.0783387338743
0.0783387338743
0.0783387338743
0.0783387338743
0.0783387338743
0.0783387338743
0.0783387338743
0.0783387338743
0.0783387338743
0.0783387338743
0.0783387338743
0.0783387338743
0.0783387338743
0.0783387338743
0.0783387338743
0.0783387338743
0.0783387338743
0.0783387338743
0.0783387338743
0.0783387338743
0.0783387338743
0.0783387338743
0.0783387338743
0.0783387338743
0.0783387338743
0.0783387338743
0.0783387338743
0.0783387338743
0.0783387338743
0.0783387338743
0.0783387338743
0.0783387338743
0.0783387338743
0.0783387338743
0.0783387338743
0.0783387338743
0.0783387338743
0.0783387338743
0.0783387338743
0.0783387338743
0.0783387338743
0.0783387338743
0.0783387338743
0.0783387338743
0.0783387338743
0.0783387338743
0.0783387338743
0.0783387338743
0.0783387338743
0.0783387338743
0.0783387338743
0.0783387338743
0.0783387338743
0.0783387338743
0.0783387338743
0.0783387338743
0.0783387338743
0.0783387338743
0.0783387338743
0.0783387338743
0.0783387338743
0.0783387338743
0.0783387338743
0.0783387338743
0.0783387338743
0.0783387338743
0.0783387338743
0.0783387338743
0.0783387338743
0.0783387338743
0.0783387338743
0.0783387338743
0.0783387338743
0.0783387338743
0.0783387338743
0.0783387338743
0.0783387338743
0.0783387338743
0.0783387338743
0.0783387338743
0.0783387338743
0.0783387338743
0.0783387338743
0.0783387338743
0.0783387338743
0.0783387338743
0.0783387338743
0.0783387338743
0.0783387338743
0.0783387338743
0.0783387338743
0.0783387338743
0.0783387338743
0.0783387338743
0.0783387338743
0.0783387338743
0.0783387338743
0.0783387338743
0.0783387338743
0.0783387338743
0.0783387338743
0.0783387338743
0.0783387338743
0.0783387338743
0.0783387338743
0.0783387338743
0.0783387338743
0.0783387338743
0.0783387338743
0.0783387338743
0.0783387338743
0.0783387338743
0.0783387338743
0.0783387338743
0.0783387338743
0.0783387338743
0.0783387338743
0.0783387338743
0.0783387338743
0.0783387338743
0.0783387338743
0.0783387338743
0.0783387338743
0.0783387338743
0.0783387338743
0.0783387338743
0.0783387338743
0.0783387338743
0.0783387338743
0.0783387338743
0.0783387338743
0.0783387338743
0.0783387338743
0.0783387338743
0.0783387338743
0.0783387338743
0.0783387338743
0.0783387338743
0.0783387338743
0.0783387338743
0.0783387338743
0.0783387338743
0.0783387338743
0.0783387338743
0.0783387338743
0.0783387338743
0.0783387338743
0.0783387338743
0.0783387338743
0.0783387338743
0.0783387338743
0.0783387338743
0.0783387338743
0.0783387338743
0.0783387338743
0.0783387338743
0.0783387338743
0.0783387338743
0.0783387338743
0.0783387338743
0.0783387338743
0.0783387338743
0.0783387338743
0.0783387338743
0.0783387338743
0.0783387338743
0.0783387338743
0.0783387338743
0.0783387338743
0.0783387338743
0.0783387338743
0.0783387338743
0.0783387338743
0.0783387338743
0.0783387338743
0.0783387338743
0.0783387338743
0.0783387338743
0.0783387338743
0.0783387338743
0.0783387338743
0.0783387338743
0.0783387338743
0.0783387338743
0.0783387338743
0.0783387338743
0.0783387338743
0.0783387338743
0.0783387338743
0.0783387338743
0.0783387338743
0.0783387338743
0.0783387338743
0.0783387338743
0.0783387338743
0.0783387338743
0.0783387338743
0.0783387338743
0.0783387338743
0.0783387338743
0.0783387338743
0.0783387338743
0.0783387338743
0.0783387338743
0.0783387338743
0.0783387338743
0.0783387338743
0.0783387338743
0.0783387338743
0.0783387338743
0.0783387338743
0.0783387338743
0.0783387338743
0.0783387338743
0.0783387338743
0.0783387338743
0.0783387338743
0.0783387338743
0.0783387338743
0.0783387338743
0.0783387338743
0.0783387338743
0.0783387338743
0.0783387338743
0.0783387338743
0.0783387338743
0.0783387338743
0.0783387338743
0.0783387338743
0.0783387338743
0.0783387338743
0.0783387338743
0.0783387338743
0.0783387338743
0.0783387338743
0.0783387338743
0.0783387338743
0.0783387338743
0.0783387338743
0.0783387338743
0.0783387338743
0.0783387338743
0.0783387338743
0.0783387338743
0.0783387338743
0.0783387338743
0.0783387338743
0.0783387338743
0.0783387338743
0.0783387338743
0.0783387338743
0.0783387338743
0.0783387338743
0.0783387338743
0.0783387338743
0.0783387338743
0.0783387338743
0.0783387338743
0.0783387338743
0.0783387338743
0.0783387338743
0.0783387338743
0.0783387338743
0.0783387338743
0.0783387338743
0.0783387338743
0.0783387338743
0.0783387338743
0.0783387338743
0.0783387338743
0.0783387338743
0.0783387338743
0.0783387338743
0.0783387338743
0.0783387338743
0.0783387338743
0.0783387338743
0.0783387338743
0.0783387338743
0.0783387338743
0.0783387338743
0.0783387338743
0.0783387338743
0.0783387338743
0.0783387338743
0.0783387338743
0.0783387338743
0.0783387338743
0.0783387338743
0.0783387338743
0.0783387338743
0.0783387338743
0.0783387338743
0.0783387338743
0.0783387338743
0.0783387338743
0.0783387338743
0.0783387338743
0.0783387338743
0.0783387338743
0.0783387338743
0.0783387338743
0.0783387338743
0.0783387338743
0.0783387338743
0.0783387338743
0.0783387338743
0.0783387338743
0.0783387338743
0.0783387338743
0.0783387338743
0.0783387338743
0.0783387338743
0.0783387338743
0.0783387338743
0.0783387338743
0.0783387338743
0.0783387338743
0.0783387338743
0.0783387338743
0.0783387338743
0.0783387338743
0.0783387338743
0.0783387338743
0.0783387338743
0.0783387338743
0.0783387338743
0.0783387338743
0.0783387338743
0.0783387338743
0.0783387338743
0.0783387338743
0.0783387338743
0.0783387338743
0.0783387338743
0.0783387338743
0.0783387338743
0.0783387338743
0.0783387338743
0.0783387338743
0.0783387338743
0.0783387338743
0.0783387338743
0.0783387338743
0.0783387338743
0.0783387338743
0.0783387338743
0.0783387338743
0.0783387338743
0.0783387338743
0.0783387338743
0.0783387338743
0.0783387338743
0.0783387338743
0.0783387338743
0.0783387338743
0.0783387338743
0.0783387338743
0.0783387338743
0.0783387338743
0.0783387338743
0.0783387338743
0.0783387338743
0.0783387338743
0.0783387338743
0.0783387338743
0.0783387338743
0.0783387338743
0.0783387338743
0.0783387338743
0.0783387338743
0.0783387338743
0.0783387338743
0.0783387338743
0.0783387338743
0.0783387338743
0.0783387338743
0.0783387338743
0.0783387338743
0.0783387338743
0.0783387338743
0.0783387338743
0.0783387338743
0.0783387338743
0.0783387338743
0.0783387338743
0.0783387338743
0.0783387338743
0.0783387338743
0.0783387338743
0.0783387338743
0.0783387338743
0.0783387338743
0.0783387338743
0.0783387338743
0.0783387338743
0.0783387338743
0.0783387338743
0.0783387338743
0.0783387338743
0.0783387338743
0.0783387338743
0.0783387338743
0.0783387338743
0.0783387338743
0.0783387338743
0.0783387338743
0.0783387338743
0.0783387338743
0.0783387338743
0.0783387338743
0.0783387338743
0.0783387338743
0.0783387338743
0.0783387338743
0.0783387338743
0.0783387338743
0.0783387338743
0.0783387338743
0.0783387338743
0.0783387338743
0.0783387338743
0.0783387338743
0.0783387338743
0.0783387338743
0.0783387338743
0.0783387338743
0.0783387338743
0.0783387338743
0.0783387338743
0.0783387338743
0.0783387338743
0.0783387338743
0.0783387338743
0.0783387338743
0.0783387338743
0.0783387338743
0.0783387338743
0.0783387338743
0.0783387338743
0.0783387338743
0.0783387338743
0.0783387338743
0.0783387338743
0.0783387338743
0.0783387338743
0.0783387338743
0.0783387338743
0.0783387338743
0.0783387338743
0.0783387338743
0.0783387338743
0.0783387338743
0.0783387338743
0.0783387338743
0.0783387338743
0.0783387338743
0.0783387338743
0.0783387338743
0.0783387338743
0.0783387338743
0.0783387338743
0.0783387338743
0.0783387338743
0.0783387338743
0.0783387338743
0.0783387338743
0.0783387338743
0.0783387338743
0.0783387338743
0.0783387338743
0.0783387338743
0.0783387338743
0.0783387338743
0.0783387338743
0.0783387338743
0.0783387338743
0.0783387338743
0.0783387338743
0.0783387338743
0.0783387338743
0.0783387338743
0.0783387338743
0.0783387338743
0.0783387338743
0.0783387338743
0.0783387338743
0.0783387338743
0.0783387338743
0.0783387338743
0.0783387338743
0.0783387338743
0.0783387338743
0.0783387338743
0.0783387338743
0.0783387338743
0.0783387338743
0.0783387338743
0.0783387338743
0.0783387338743
0.0783387338743
0.0783387338743
0.0783387338743
0.0783387338743
0.0783387338743
0.0783387338743
0.0783387338743
0.0783387338743
0.0783387338743
0.0783387338743
0.0783387338743
0.0783387338743
0.0783387338743
0.0783387338743
0.0783387338743
0.0783387338743
0.0783387338743
0.0783387338743
0.0783387338743
0.0783387338743
0.0783387338743
0.0783387338743
0.0783387338743
0.0783387338743
0.0783387338743
0.0783387338743
0.0783387338743
0.0783387338743
0.0783387338743
0.0783387338743
0.0783387338743
0.0783387338743
0.0783387338743
0.0783387338743
0.0783387338743
0.0783387338743
0.0783387338743
0.0783387338743
