15800.9766846
15756.4307861
15719.1137695
15683.833252
15649.3431396
15615.1945801
15581.201416
15547.2822266
15513.397583
15479.5268555
15445.6607666
15411.7957764
15377.9282227
15344.0535889
15310.1654053
15276.2536621
15242.3139648
15208.3417969
15174.3347168
15140.2878418
15106.2033691
15072.0770264
15037.9074707
15003.694458
14969.435791
14935.1322021
14900.78125
14866.3818359
14831.9326172
14797.4338379
14762.8831787
14728.2808838
14693.6258545
14658.916626
14624.1553955
14589.3400879
14554.4702148
14519.5466309
14484.5678711
14449.5335693
14414.4411621
14379.2912598
14344.0787354
14308.8045654
14273.4654541
14238.0610352
14202.5905762
14167.0541992
14131.4512939
14095.7814941
14060.0450439
14024.2415771
13988.3699951
13952.4329834
13916.4289551
13880.3571777
13844.2203369
13808.0181885
13771.7492676
13735.4140625
13699.0145264
13662.5498047
13626.0200195
13589.4277344
13552.7703857
13516.0505371
13479.2689819
13442.4238281
13405.5175781
13368.5508423
13331.5232544
13294.4362793
13257.2887573
13220.0820312
13182.817627
13145.4937744
13108.1134644
13070.6749268
13033.180481
12995.62854
12958.0209961
12920.3579102
12882.6398315
12844.8659058
12807.0388184
12769.157959
12731.2246094
12693.2384033
12655.2008057
12617.1123047
12578.9735107
12540.7844238
12502.5472412
12464.2614746
12425.9272461
12387.5473633
12349.1207886
12310.6483154
12272.130249
12233.5681763
12194.9610596
12156.3104858
12117.6159668
12078.8760986
12040.0928955
12001.2659302
11962.395752
11923.4834595
11884.5302734
11845.5353394
11806.5015869
11767.4289551
11728.317688
11689.1693726
11649.9841919
11610.7642822
11571.5078735
11532.2180786
11492.8945923
11453.5384521
11414.1506348
11374.7313843
11335.2815552
11295.7998047
11256.288269
11216.7459106
11177.1750488
11137.5755005
11097.9486084
11058.2960815
11018.6179199
10978.9163208
10939.1894531
10899.4390259
10859.6655884
10819.8696289
10780.0522461
10740.2128906
10700.3544312
10660.4777222
10620.5838623
10580.6727905
10540.7470093
10500.807312
10460.8544312
10420.8898315
10380.9144287
10340.9289551
10300.9356079
10260.9342041
10220.9275513
10180.9154053
10140.8998413
10100.8815918
10060.8631592
10020.8439331
9980.82629395
9940.81158447
9900.79986572
9860.7935791
9820.79333496
9780.80126953
9740.8182373
9700.84454346
9660.88293457
9620.93334961
9580.9979248
9541.07867432
9501.17675781
9461.29290771
9421.42919922
9381.58642578
9341.76733398
9301.97253418
9262.20385742
9222.46179199
9182.74908447
9143.06719971
9103.41717529
9063.80078125
9024.21929932
8984.67474365
8945.16906738
8905.70294189
8866.27783203
8826.89605713
8787.55969238
8748.26873779
8709.02642822
8669.8338623
8630.6920166
8591.60327148
8552.56872559
8513.59094238
8474.6708374
8435.80981445
8397.00976562
8358.27288818
8319.60028076
8280.9934082
8242.45489502
8203.98553467
8165.58691406
8127.26086426
8089.00976562
8050.83337402
8012.7354126
7974.71673584
7936.77825928
7898.92285156
7861.15124512
7823.465271
7785.86694336
7748.35754395
7710.93841553
7673.61169434
7636.37902832
7599.24145508
7562.20135498
7525.2600708
7488.418396
7451.67938232
7415.0435791
7378.51312256
7342.08935547
7305.77410889
7269.56848145
7233.47479248
7197.49346924
7161.62744141
7125.87780762
7090.24597168
7054.73382568
7019.34204102
6984.07287598
6948.9284668
6913.90917969
6879.01715088
6844.25366211
6809.62063599
6775.11904907
6740.75076294
6706.51687622
6672.41876221
6638.45812988
6604.63671875
6570.95565796
6537.41583252
6504.01916504
6470.76693726
6437.66021729
6404.70056152
6371.88919067
6339.22747803
6306.71664429
6274.3578186
6242.15197754
6210.10098267
6178.20565796
6146.46691895
6114.88586426
6083.46426392
6052.20239258
6021.10147095
5990.16308594
5959.38742065
5928.77655029
5898.33035278
5868.05001831
5837.93655396
5807.99093628
5778.21398926
5748.60650635
5719.16952515
5689.90270996
5660.80825806
5631.88586426
5603.13690186
5574.56161499
5546.1607666
5517.93478394
5489.88418579
5462.01019287
5434.31277466
5406.79202271
5379.44915771
5352.28387451
5325.29745483
5298.48977661
5271.86117554
5245.41177368
5219.14254761
5193.05337524
5167.14459229
5141.41583252
5115.86810303
5090.50119019
5065.31558228
5040.31082153
5015.48736572
4990.84509277
4966.38418579
4942.10522461
4918.00732422
4894.09063721
4870.35565186
4846.8019104
4823.42938232
4800.23754883
4777.22717285
4754.39782715
4731.74868774
4709.28024292
4686.99230957
4664.88412476
4642.95635986
4621.20767212
4599.63827515
4578.24816895
4557.03662109
4536.00375366
4515.14846802
4494.47119141
4473.97119141
4453.64752197
4433.50112915
4413.53051758
4393.73526001
4374.11517334
4354.66958618
4335.39859009
4316.30090332
4297.3765564
4278.62457275
4260.04452515
4241.63598633
4223.39804077
4205.33044434
4187.43243408
4169.70330811
4152.14254761
4134.74963379
4117.52301025
4100.46313477
4083.56860352
4066.83889771
4050.27325439
4033.87091064
4017.63137817
4001.55355835
3985.63671875
3969.87988281
3954.2829895
3938.84432983
3923.56365967
3908.44000244
3893.47210693
3878.659729
3864.00170898
3849.49737549
3835.14550781
3820.94546509
3806.89624023
3792.99713135
3779.24703979
3765.64480591
3752.18997192
3738.8812561
3725.71786499
3712.69915771
3699.82354736
3687.09075928
3674.4989624
3662.04788208
3649.73641968
3637.56347656
3625.52780151
3613.62927246
3601.86599731
3590.23712158
3578.74194336
3567.3793335
3556.1484375
3545.04779053
3534.07696533
3523.23451233
3512.51940918
3501.93112183
3491.46809387
3481.1293335
3470.91415405
3460.82102966
3450.84957886
3440.99821472
3431.26600647
3421.65232849
3412.15557861
3402.77511597
3393.50990295
3384.35856628
3375.32034302
3366.39447021
3357.57946777
3348.87443542
3340.27844238
3331.79034424
3323.4094696
3315.13444519
3306.96420288
3298.89802551
3290.93487549
3283.07359314
3275.31321716
3267.65299988
3260.09140015
3252.62818909
3245.26150513
3237.9912262
3230.81590271
3223.73474121
3216.74653625
3209.85054016
3203.04602051
3196.33152771
3189.70654297
3183.16983032
3176.72070312
3170.358078
3164.08081055
3157.8886261
3151.78022766
3145.75454712
3139.81097412
3133.94842529
3128.16627502
3122.46340942
3116.8391571
3111.29220581
3105.82221985
3100.427948
3095.10910034
3089.86410522
3084.69262695
3079.59365845
3074.56622314
3069.61001587
3064.72364807
3059.90653992
3055.15802002
3050.47718811
3045.86315918
3041.31536865
3036.83294678
3032.41477966
3028.06057739
3023.76953125
3019.54064941
3015.37322998
3011.26673889
3007.22044373
3003.23339844
2999.30474854
2995.43426514
2991.62094116
2987.86405945
2984.16307068
2980.51715088
2976.92559814
2973.38789368
2969.90306091
2966.47091675
2963.09030151
2959.76080322
2956.48199463
2953.25279236
2950.0725708
2946.94111633
2943.85725403
2940.82110596
2937.83135986
2934.88752747
2931.98931885
2929.13566589
2926.32676697
2923.56117249
2920.8387146
2918.15866089
2915.5206604
2912.92401123
2910.36793518
2907.85246277
2905.37638855
2902.93965149
2900.54125977
2898.18122864
2895.85850525
2893.57275391
2891.32369995
2889.1104126
2886.93275452
2884.78990173
2882.68147278
2880.60719299
2878.56640625
2876.5584259
2874.58287048
2872.63954163
2870.72764587
2868.84687805
2866.99684143
2865.17692566
2863.38659668
2861.62576294
2859.8936615
2858.19021606
2856.51451111
2854.86628723
2853.24528503
2851.65110779
2850.08312988
2848.54109955
2847.02467346
2845.53320312
2844.06647491
2842.62404633
2841.20565796
2839.81069946
2838.43911743
2837.09024811
2835.76387024
2834.45954132
2833.17703247
2831.91584778
2830.67581177
2829.45638275
2828.25741577
2827.07854462
2825.91930389
2824.77946472
2823.65852356
2822.55672455
2821.4732666
2820.40782928
2819.36048126
2818.33023071
2817.31767273
2816.32212067
2815.34296417
2814.3804245
2813.43403625
2812.503479
2811.5884552
2810.68889618
2809.80436707
2808.93477631
2808.07955933
2807.23892212
2806.41233826
2805.59938049
2804.8001709
2804.01443481
2803.24190521
2802.48226166
2801.73524475
2801.00083923
2800.27864838
2799.56846619
2798.87049866
2798.18385315
2797.50883484
2796.84502411
2796.19252014
2795.55045319
2794.91952515
2794.29885101
2793.68872833
2793.08881378
2792.49867249
2791.91851044
2791.34805298
2790.78700256
2790.23535156
2789.69277954
2789.15921783
2788.63452148
2788.11862183
2787.61123657
2787.11205292
2786.62152863
2786.13892365
2785.66435242
2785.19766998
2784.73864746
2784.28717041
2783.84331512
2783.40653992
2782.97716522
2782.55477905
2782.13928986
2781.73058319
2781.32889557
2780.93364716
2780.54490662
2780.16251373
2779.78645325
2779.41655731
2779.05267334
2778.69487
2778.34290314
2777.99642944
2777.65596771
2777.32092285
2776.99125671
2776.66700745
2776.34819794
2776.0344696
2775.72587585
2775.42240906
2775.12369537
2774.82982635
2774.54082489
2774.25659943
2773.97697449
2773.70162964
2773.43105316
2773.16470337
2772.902771
2772.64495087
2772.39116669
2772.14169312
2771.89601898
2771.65462494
2771.41685486
2771.18299103
2770.95282745
2770.72660065
2770.50363922
2770.2845459
2770.06879425
2769.85651398
2769.64772797
2769.44223022
2769.24005127
2769.04095459
2768.84523773
2768.65244293
2768.46289062
2768.27622223
2768.09260559
2767.91183472
2767.73397827
2767.55889893
2767.38659668
2767.21717072
2767.05013275
2766.88600159
2766.72424316
2766.56518555
2766.40849304
2766.25434875
2766.10256958
2765.95342255
2765.80639648
2765.66176605
2765.51937103
2765.37899017
2765.24102783
2765.10532379
2764.97145844
2764.8399353
2764.71037292
2764.58261108
2764.45707703
2764.33357239
2764.21178436
2764.09197998
2763.9740448
2763.85784149
2763.74337769
2763.63078308
2763.51997375
2763.41082764
2763.30321503
2763.1975174
2763.09324646
2762.99060822
2762.88961792
2762.79004669
2762.69204712
2762.59558868
2762.50048828
2762.40699005
2762.31484222
2762.22412872
2762.13468933
2762.04680634
2761.9600296
2761.87454224
2761.79045105
2761.70761108
2761.62605286
2761.54584503
2761.4665451
2761.38848877
2761.31188202
2761.23617554
2761.16152954
2761.08823395
2761.0158844
2760.94470978
2760.87448883
2760.80539703
2760.73712158
2760.67018127
2760.60393524
2760.53885651
2760.47467041
2760.41136169
2760.34906769
2760.28768158
2760.22731781
2760.16761017
2760.10873413
2760.05078888
2759.99394226
2759.93757629
2759.882164
2759.82763672
2759.7736969
2759.72080231
2759.66842651
2759.61682892
2759.56603241
2759.51600647
2759.46658325
2759.41796112
2759.37004852
2759.32284546
2759.2762146
2759.23001862
2759.18479919
2759.14019012
2759.09616089
2759.05271149
2759.00996399
2758.96775055
2758.92618561
2758.88518524
2758.84462738
2758.80467987
2758.76545715
2758.72650146
2758.68813324
2758.65042877
2758.61320496
2758.57666779
2758.54039001
2758.50468445
2758.46950531
2758.43473053
2758.40032196
2758.36647034
2758.33327484
2758.30034637
2758.26786804
2758.2358551
2758.204216
2758.17300415
2758.14212799
2758.11179352
2758.08192444
2758.05243683
2758.02315521
2757.99424744
2757.96588135
2757.93778229
2757.91027832
2757.88285828
2757.85593414
2757.829422
2757.80316925
2757.77698517
2757.7516098
2757.7263031
2757.70137787
2757.67668152
2757.6522522
2757.62843323
2757.60473633
2757.58141327
2757.55818939
2757.53527832
2757.51288605
2757.49061584
2757.4686203
2757.44694519
2757.42542267
2757.40435028
2757.38349152
2757.36280823
2757.34248352
2757.3221283
2757.3022995
2757.28265381
2757.26315308
2757.243927
2757.22507477
2757.20613098
2757.18768311
2757.16940308
2757.15154266
2757.13359833
2757.11586761
2757.09850311
2757.08123016
2757.06412506
2757.04734802
2757.03069305
2757.0141449
2756.99790192
2756.98168945
2756.96596527
2756.95023346
2756.93483734
2756.91939545
2756.90406036
2756.889328
2756.87437439
2756.85972595
2756.84503937
2756.83080292
2756.8166275
2756.8025589
2756.78872681
2756.77494049
2756.76145935
2756.74801636
2756.7346344
2756.72155762
2756.70848846
2756.69568634
2756.68299103
2756.67046356
2756.65801239
2756.64557648
2756.63341522
2756.62127686
2756.60934448
2756.59757233
2756.58591461
2756.57439423
2756.56284332
2756.55138397
2756.54027557
2756.5290451
2756.51826477
2756.50714874
2756.49653625
2756.48590088
2756.47524261
2756.46477509
2756.4546051
2756.44425201
2756.43398285
2756.42396545
2756.41412354
2756.40420532
2756.39441681
2756.38466644
2756.37505341
2756.36571503
2756.3562088
2756.34712219
2756.33765411
2756.32859802
2756.3194046
2756.31050873
2756.30169678
2756.29290009
2756.28406525
2756.27553558
2756.26675415
2756.25842285
2756.24996185
2756.24156952
2756.23343658
2756.22516632
2756.21708679
2756.20903015
2756.2010498
2756.19300842
2756.1852417
2756.17733002
2756.16973114
2756.16189575
2756.15442657
2756.14692688
2756.13942719
2756.13215637
2756.12483978
2756.11755371
2756.11018372
2756.10293579
2756.09593201
2756.08873749
2756.08181763
2756.07498169
2756.06790924
2756.06121063
2756.05428314
2756.04759979
2756.0408783
2756.03440094
2756.02784729
2756.02113342
2756.01461792
2756.00823975
2756.00182343
2755.99536896
2755.98916626
2755.98284149
2755.97647858
2755.97047424
2755.96425629
2755.95823669
2755.95223236
2755.94602966
2755.94009399
2755.93424225
2755.9282608
2755.92237854
2755.91659546
2755.91070557
2755.90493774
2755.89937592
2755.89360046
2755.88784027
2755.88220978
2755.87670898
2755.87125397
2755.8657074
2755.86012268
2755.85469818
2755.84934998
2755.84388733
2755.83838654
2755.8332901
2755.82783508
2755.8225174
2755.81735992
2755.81208801
2755.80680847
2755.80176544
2755.79639435
2755.79138947
2755.78617859
2755.78116608
2755.77612305
2755.77109528
2755.76593781
2755.76102448
2755.75603485
2755.75125885
2755.74635315
2755.74145508
2755.73653412
2755.73173523
2755.72691345
2755.72202301
2755.71729279
2755.71253967
2755.70774841
2755.70307922
2755.69832611
2755.69369507
2755.68888092
2755.68416595
2755.67961121
2755.67507172
2755.67041016
2755.66577148
2755.66117096
2755.65659332
2755.65220642
2755.64768219
2755.64299011
2755.63839722
2755.63408661
2755.62966919
2755.62512207
2755.62072754
2755.61624146
2755.61181641
2755.60745239
2755.60308838
2755.59870148
2755.59430695
2755.58995819
2755.58564758
2755.58129883
2755.5769577
2755.57275391
2755.56837463
2755.56421661
2755.55996704
2755.55541992
2755.55135345
2755.54699707
2755.5428772
2755.53866577
2755.53450012
2755.53027344
2755.52593994
2755.52179718
2755.51766205
2755.5135498
2755.50943756
2755.50524139
2755.50112915
2755.49700928
2755.49284363
2755.48868561
2755.48458862
2755.48039246
2755.47645569
2755.47226715
2755.46831512
2755.46418762
2755.46008301
2755.45613861
2755.45200348
2755.44790649
2755.44403839
2755.43978882
2755.43589783
2755.43190765
2755.42775726
2755.42366791
2755.41984558
2755.4157486
2755.41174316
2755.40773773
2755.40381622
2755.3997879
2755.39581299
2755.3918457
2755.38787842
2755.38397217
2755.38008881
2755.37610626
2755.37212372
2755.36815643
2755.36417389
2755.36016846
2755.35620117
2755.35235596
2755.34835815
2755.34459686
2755.34066772
2755.33661652
2755.33270264
2755.32876587
2755.3249588
2755.320961
2755.31719971
2755.31308746
2755.30916595
2755.3053894
2755.3014679
2755.29766846
2755.29374695
2755.28991699
2755.28604126
2755.28219604
2755.27819061
2755.2743988
2755.27055359
2755.2665329
2755.26271057
2755.25898743
2755.25501251
2755.25114441
2755.24705505
2755.24337769
2755.23954773
2755.235672
2755.23175049
2755.22813416
2755.22418213
2755.22016144
2755.21630859
2755.21258545
2755.20861816
2755.20479584
2755.20098114
2755.19696808
2755.19313812
2755.18935394
2755.18552399
2755.18161774
2755.17794037
2755.17388916
2755.17010498
2755.16629791
2755.16241455
2755.15861511
2755.15468597
2755.15089417
2755.14710236
2755.14313507
2755.1392746
2755.13533783
2755.13168335
2755.12773132
2755.12385559
2755.12004852
2755.1160965
2755.11219025
2755.10847473
2755.10459137
2755.1008606
2755.09680176
2755.0929184
2755.08919525
2755.0853653
2755.0815506
2755.07771301
2755.07379913
2755.06990814
2755.06613159
2755.06230927
2755.05822754
2755.05450439
2755.05068207
2755.04683685
2755.04301453
2755.03907776
2755.03511047
2755.03142548
2755.0275116
2755.02363586
2755.01977539
2755.01576233
2755.01192474
2755.00808716
2755.00411224
2755.00028229
2754.99645996
2754.99272156
2754.98865509
2754.98471832
2754.9808197
2754.97697449
2754.9730835
2754.96912384
2754.96531677
2754.96142578
2754.9575119
2754.95363617
2754.94963074
2754.94589996
2754.9420166
2754.93803406
2754.9341507
2754.9302063
2754.92630005
2754.92230225
2754.91846466
2754.91459656
2754.91049194
2754.90659332
2754.90263367
2754.89881134
2754.89492035
2754.89100647
2754.88700867
2754.88293457
2754.87918091
2754.87524414
2754.871315
2754.86723328
2754.86326599
2754.85939789
2754.85540771
2754.85134888
2754.84737396
2754.84353638
2754.83969879
2754.83562469
2754.8317337
2754.82770538
2754.82365417
2754.81957245
2754.8157959
2754.81169128
2754.80773926
2754.80381775
2754.79978943
2754.79563904
2754.79178619
2754.78772736
2754.783638
2754.7796936
2754.77561951
2754.77169037
2754.76764679
2754.76352692
2754.75961304
2754.75551605
2754.75146484
2754.74739838
2754.74342346
2754.73923492
2754.73536682
2754.73121643
2754.72719574
2754.72323608
2754.71904755
2754.715065
2754.71101379
2754.70697021
2754.70287323
2754.69866943
2754.69459534
2754.69049072
2754.68651581
2754.68228912
2754.67823029
2754.67409515
2754.67005157
2754.66600037
2754.66182709
2754.65765381
2754.65358734
2754.64958191
2754.64530945
2754.64118958
2754.63707733
2754.63293457
2754.62876129
2754.62459564
2754.6204071
2754.61618805
2754.61212921
2754.60795593
2754.60373688
2754.59962463
2754.5954895
2754.59123993
2754.5869751
2754.58295441
2754.5786972
2754.57443237
2754.57028198
2754.56603241
2754.56165314
2754.55767822
2754.55332184
2754.54911041
2754.54491425
2754.54070282
2754.53630829
2754.53215027
2754.52785492
2754.52367401
2754.51924896
2754.51496124
2754.51087189
2754.5063858
2754.50224304
2754.4979248
2754.4934845
2754.48925018
2754.48499298
2754.48074341
2754.47631073
2754.47209167
2754.46765137
2754.46339417
2754.45899963
2754.45463562
2754.45033264
2754.44608307
2754.44171143
2754.43737793
2754.43292236
2754.42850494
2754.4241333
2754.41983795
2754.41544342
2754.41106415
2754.40670776
2754.40219879
2754.39775848
2754.39332581
2754.3889389
2754.38464355
2754.38005829
2754.37565613
2754.37123108
2754.36685181
2754.36230469
2754.35784912
2754.3534317
2754.34889984
2754.34459686
2754.33995056
2754.33564758
2754.3310318
2754.3263855
2754.32191467
2754.31742859
2754.31291199
2754.30860901
2754.30391693
2754.29943848
2754.29492188
2754.29039764
2754.28567505
2754.28103638
2754.27659607
2754.2720108
2754.26754761
2754.26290131
2754.2585144
2754.25384521
2754.24927521
2754.24464417
2754.24008942
2754.23548126
2754.23091125
2754.22627258
2754.22164154
2754.21699524
2754.21234131
2754.20774078
2754.20303345
2754.19833374
2754.19360352
2754.18907166
2754.18432617
2754.17967224
2754.17491913
2754.17021942
2754.16550446
2754.16085052
2754.15605164
2754.15137482
2754.1467514
2754.14203644
2754.13722992
2754.13259888
2754.12773132
2754.12301636
2754.11831665
2754.11354065
2754.10891724
2754.10414124
2754.09923553
2754.09445953
2754.08957672
2754.08487701
2754.08017731
2754.07524872
2754.07054901
2754.06557465
2754.06083679
2754.0559845
2754.05123901
2754.04618835
2754.04141235
2754.03650665
2754.03179932
2754.02681732
2754.02206421
2754.01711273
2754.01225281
2754.00736237
2754.00253296
2753.99752045
2753.99263763
2753.9877243
2753.98274994
2753.97782898
2753.97309875
2753.96816254
2753.9630661
2753.95816803
2753.95324707
2753.94820404
2753.94333649
2753.93829346
2753.93345642
2753.92823029
2753.92337036
2753.9184494
2753.91326141
2753.90830231
2753.90339661
2753.89823914
2753.89322662
2753.88826752
2753.88320923
2753.87825775
2753.87322235
2753.86803436
2753.86308289
2753.85800171
2753.85289764
2753.84781647
2753.84272766
2753.83769989
2753.83269501
2753.82743835
2753.82247162
2753.81720734
2753.81223297
2753.80717468
2753.80203247
2753.79669952
2753.79173279
2753.78649902
2753.78148651
2753.77603912
2753.77110291
2753.76602173
2753.76081848
2753.7556839
2753.75047302
2753.74526215
2753.74005127
2753.73480225
2753.72972107
2753.72464752
2753.71929169
2753.71417999
2753.70892334
2753.70362091
2753.69830322
2753.69311523
2753.68799591
2753.68267059
2753.67745209
2753.67204285
2753.66680145
2753.66162109
2753.65637207
2753.65110016
2753.64583588
2753.64054108
2753.63516235
2753.62998199
2753.62461853
2753.6194458
2753.61403656
2753.60870361
2753.60350037
2753.59816742
2753.59276581
2753.58734894
2753.5821228
2753.57671356
2753.57144165
2753.56609344
2753.56066895
2753.55529785
2753.54998779
2753.5446167
2753.53929138
2753.53386688
2753.52832031
2753.52307892
2753.51774597
2753.51235199
2753.50694275
2753.50146484
2753.49607086
2753.49078369
2753.48527527
2753.47980499
2753.4744873
2753.46894836
2753.46367645
2753.45797729
2753.45276642
2753.44716644
2753.44173431
2753.43630219
2753.4308548
2753.42540741
2753.41997528
2753.4144516
2753.40903473
2753.40351868
2753.39815521
2753.39252472
2753.38711548
2753.38155365
2753.37600708
2753.37062073
2753.36495972
2753.35939789
2753.35424042
2753.34850311
2753.34304047
2753.33734131
2753.3320694
2753.32646179
2753.32089233
2753.31529999
2753.30971527
2753.30437469
2753.29853821
2753.29320526
2753.28759003
2753.28206635
2753.27633667
2753.27089691
2753.26533508
2753.25976562
2753.2542572
2753.24861908
2753.242836
2753.23730469
2753.23200226
2753.22624969
2753.22062683
2753.21502686
2753.20957184
2753.20365143
2753.19825745
2753.19258881
2753.18700409
2753.18141174
2753.17588043
2753.17016602
2753.16439056
2753.15892029
2753.15322876
2753.14769745
2753.14199829
2753.13635254
2753.13066864
2753.12501526
2753.11923981
2753.11370087
2753.10803223
2753.10231018
2753.09666443
2753.09109497
2753.08562469
2753.07976532
2753.07402039
2753.06833649
2753.06272125
2753.05697632
2753.05133057
2753.04563141
2753.03987122
2753.03405762
2753.02861023
2753.02289581
2753.01713562
2753.01144409
2753.00575256
2752.99997711
2752.99433899
2752.9886322
2752.98305511
2752.9772644
2752.97133636
2752.96564484
2752.95999146
2752.95423889
2752.94857025
2752.94274902
2752.93717194
2752.9313736
2752.92562103
2752.91994476
2752.91410065
2752.9083786
2752.90252686
2752.89678192
2752.8911972
2752.88530731
2752.87955475
2752.87380981
2752.86804199
2752.86223602
2752.85643768
2752.85081482
2752.84501648
2752.8392334
2752.83353424
2752.82780457
2752.82183838
2752.81616974
2752.81027222
2752.80456543
2752.79875946
2752.79296112
2752.787117
2752.78128052
2752.77548218
2752.76973724
2752.76384735
2752.75814819
2752.75222015
2752.74639893
2752.74066925
2752.73484039
2752.72895813
2752.72312164
2752.71742249
2752.71149445
2752.70575714
2752.6999054
2752.69410706
2752.68817902
2752.68234253
2752.67651367
2752.67049408
2752.66468048
2752.65890503
2752.65309143
2752.64728546
2752.64135742
2752.63546753
2752.62952423
2752.62391663
2752.61773682
2752.61203766
2752.60612488
2752.60024261
2752.59438324
2752.58856964
2752.58268738
2752.57672119
2752.57080841
2752.56497192
2752.55906677
2752.55319214
2752.54728699
2752.54136658
2752.53549194
2752.52949524
2752.52362823
2752.51765442
2752.51184845
2752.50603485
2752.49989319
2752.49419403
2752.48813629
2752.4822998
2752.47634888
2752.47045135
2752.46452332
2752.45850372
2752.45262909
2752.44655609
2752.44070435
2752.43464661
2752.4287262
2752.42276001
2752.41675568
2752.41094971
2752.40493011
2752.39894104
2752.39298248
2752.38697052
2752.38111877
2752.37501526
2752.36910248
2752.36308289
2752.35730743
2752.35121918
2752.34515381
2752.3392334
2752.33321381
2752.32712555
2752.32105255
2752.31521606
2752.30909729
2752.3030777
2752.2971344
2752.29105377
2752.28521729
2752.27912903
2752.2729187
2752.26701355
2752.26095581
2752.25502014
2752.24893188
2752.24297333
2752.23686218
2752.2308197
2752.22473907
2752.21856689
2752.21258545
2752.20659637
2752.20045471
2752.19445801
2752.18832397
2752.18228149
2752.17610168
2752.17012024
2752.16400146
2752.1579361
2752.1518631
2752.14576721
2752.13964844
2752.13353729
2752.12738037
2752.12141418
2752.11523438
2752.10909271
2752.10284424
2752.09683228
2752.09075165
2752.08463287
2752.07843018
2752.07234192
2752.06606293
2752.06006622
2752.05389404
2752.04774475
2752.0415802
2752.03530884
2752.02922058
2752.02301025
2752.01683807
2752.01069641
2752.0045166
2751.99845123
2751.99214935
2751.98597717
2751.97958374
2751.97364807
2751.96737671
2751.96121216
2751.95513916
2751.94869232
2751.94257355
2751.93652344
2751.93012238
2751.92382812
2751.91776276
2751.91145325
2751.90527344
2751.89885712
2751.89273071
2751.88647461
2751.88014221
2751.87404633
2751.8677597
2751.86152649
2751.85509491
2751.84886932
2751.84283447
2751.83644104
2751.8302536
2751.82381439
2751.81758881
2751.81129456
2751.80488586
2751.79878235
2751.7922821
2751.78609467
2751.77981567
2751.77339935
2751.76721954
2751.76068115
2751.75447083
2751.74807739
2751.74178314
2751.73536682
2751.72900391
2751.72267914
2751.71634674
2751.71005249
2751.70361328
2751.69734955
2751.69087219
2751.68457031
2751.67813873
2751.67185211
2751.6654129
2751.65892029
2751.65258026
2751.64618683
2751.63980865
2751.63349152
2751.62704468
2751.62046051
2751.61402893
2751.60762787
2751.6011734
2751.59480286
2751.58843231
2751.58201599
2751.57540131
2751.56900787
2751.56256866
2751.55610657
2751.54975128
2751.54320526
2751.53673553
2751.53033447
2751.52374268
2751.51741791
2751.51083374
2751.50431061
2751.49780273
2751.49124146
2751.48477936
2751.47831726
2751.47180939
2751.46517181
2751.45879364
2751.45220184
2751.4457016
2751.43936157
2751.43264771
2751.42610168
2751.419487
2751.41300964
2751.40640259
2751.39985657
2751.39328766
2751.3868103
2751.38018799
2751.37348175
2751.36696625
2751.36037445
2751.35385895
2751.34723663
2751.34050751
2751.333992
2751.32730865
2751.320755
2751.31432343
2751.30765533
2751.30108643
2751.29432678
2751.28766632
2751.28102875
2751.27429199
2751.26772308
2751.26105499
2751.25444031
2751.24777222
2751.24106598
2751.23446655
2751.22772217
2751.2210083
2751.21445465
2751.20763397
2751.20095062
2751.19416809
2751.18765259
2751.18097687
2751.17410278
2751.16742706
2751.16072083
2751.15387726
2751.14723206
2751.14045715
2751.13381958
2751.12696075
2751.12034607
2751.11356354
2751.10693359
2751.10012817
2751.09332275
2751.08657837
2751.07975769
2751.07299805
2751.06613159
2751.05944824
2751.05267334
2751.04575348
2751.03897858
2751.03212738
2751.02558136
2751.01859283
2751.01166534
2751.00495911
2750.99809265
2750.99128723
2750.98439026
2750.97762299
2750.97084045
2750.96392822
2750.95702362
2750.95014191
2750.943367
2750.93648529
2750.92949677
2750.92263794
2750.915802
2750.90890503
2750.9019928
2750.89513397
2750.88826752
2750.88124084
2750.87450409
2750.86756134
2750.86058044
2750.85372925
2750.84673309
2750.83976746
2750.83300018
2750.82600403
2750.81913757
2750.81195831
2750.80509949
2750.79817963
2750.79111481
2750.78416443
2750.77719879
2750.77021027
2750.76343536
2750.75627136
2750.74941254
2750.74234772
2750.73527527
2750.72834778
2750.72129822
2750.71434784
2750.70722198
2750.70026398
2750.69317627
2750.68621063
2750.67913818
2750.67219543
2750.6651001
2750.65797424
2750.65093994
2750.64389801
2750.63690186
2750.62971497
2750.62268829
2750.6155777
2750.60849762
2750.60147858
2750.59432983
2750.58740997
2750.58017731
2750.57310486
2750.56598663
2750.55879974
2750.55184174
2750.54470062
2750.53751373
2750.53024292
2750.52332306
2750.51615906
2750.5088501
2750.50162506
2750.49459839
2750.48754883
2750.4803009
2750.47324371
2750.46604156
2750.45884705
2750.45159912
2750.44445801
2750.43723297
2750.43011475
2750.42285156
2750.41574097
2750.40833282
2750.40119171
2750.39401245
2750.38680267
2750.37953949
2750.37231445
2750.36508179
2750.35807037
2750.3506546
2750.34336853
2750.33615112
2750.3287735
2750.32151794
2750.31421661
2750.30708313
2750.29966736
2750.29254913
2750.28515625
2750.27786255
2750.27056885
2750.26328278
2750.25601196
2750.24860382
2750.24141693
2750.23404694
2750.22660828
2750.21932983
2750.21209717
2750.20465851
2750.19727325
2750.18997192
2750.1825943
2750.17521667
2750.16778564
2750.16053772
2750.15314484
2750.14578247
2750.13842773
2750.13096619
2750.12352753
2750.11614227
2750.10871124
2750.10141754
2750.09388733
2750.0865097
2750.07900238
2750.07168579
2750.06389618
2750.05647278
2750.04920959
2750.04169464
2750.0342865
2750.02677155
2750.01940918
2750.0118103
2750.00435638
2749.99676514
2749.98927307
2749.98181915
2749.97441864
2749.96677399
2749.95916748
2749.9516449
2749.9442215
2749.93672943
2749.92904663
2749.92147064
2749.91409302
2749.90651703
2749.89890289
2749.89138794
2749.88375854
2749.87617493
2749.86865997
2749.8611145
2749.85357666
2749.84587097
2749.83830261
2749.83069611
2749.82306671
2749.81548309
2749.80780792
2749.80026245
2749.79250336
2749.784935
2749.77732849
2749.76965332
2749.76194763
2749.75442505
2749.74674988
2749.73904419
2749.73138428
2749.72362518
2749.71601868
2749.70829773
2749.70063782
2749.69297791
2749.68515015
2749.67756653
2749.66984558
2749.66204834
2749.65447235
2749.646698
2749.63896179
2749.63118744
2749.62345123
2749.61585999
2749.6079483
2749.60035706
2749.59257507
2749.5847702
2749.57698822
2749.56915283
2749.561409
2749.55362701
2749.54585266
2749.53799438
2749.53028107
2749.52237701
2749.51472473
2749.50678253
2749.49898529
2749.49114227
2749.48321533
2749.47537231
2749.46760559
2749.45983124
2749.45206451
2749.44408417
2749.43624115
2749.4282608
2749.42047119
2749.41268158
2749.40470123
2749.39694214
2749.38883209
2749.38103485
2749.37309265
2749.36524963
2749.35729218
2749.34942627
2749.34152985
2749.33364868
2749.32569122
2749.31758881
2749.30979919
2749.3019104
2749.29397583
2749.28598022
2749.27774811
2749.26998901
2749.26196289
2749.25408173
2749.24602509
2749.23809814
2749.22992706
2749.22197723
2749.21401215
2749.2061615
2749.19801331
2749.18997955
2749.18199921
2749.17394257
2749.16596985
2749.15792847
2749.14983368
2749.14188385
2749.13380432
2749.12569427
2749.11769867
2749.10958099
2749.1015625
2749.09342194
2749.08530426
2749.07726288
2749.06912994
2749.06109619
2749.05307007
2749.04483795
2749.03672791
2749.02867126
2749.02050781
2749.01235962
2749.00414276
2748.99614716
2748.98797607
2748.97979736
2748.97170258
2748.96350861
2748.95533752
2748.94716644
2748.93897247
2748.93083954
2748.92260742
2748.91428375
2748.90608978
2748.89812469
2748.88994598
2748.88162231
2748.87343597
2748.86502838
2748.85710907
2748.84864807
2748.8404541
2748.83223724
2748.8241272
2748.81581116
2748.80764008
2748.79920959
2748.79106903
2748.78271484
2748.77461243
2748.76618958
2748.75797272
2748.74954987
2748.74136353
2748.73299408
2748.72472382
2748.71635437
2748.70809174
2748.69989777
2748.69153595
2748.68297577
2748.67484283
2748.66642761
2748.65810394
2748.64967346
2748.64147949
2748.63300323
2748.62458038
2748.61625671
2748.60777283
2748.59946442
2748.59105682
2748.58278656
2748.57445526
2748.56587219
2748.55769348
2748.54924011
2748.54064941
2748.53236389
2748.52394104
2748.51555634
2748.50708008
2748.49873352
2748.49015808
2748.48165894
2748.47332001
2748.46476746
2748.45626831
2748.44786072
2748.43940735
2748.43102264
2748.42237091
2748.41398621
2748.40540314
2748.39683533
2748.38858032
2748.37998199
2748.37133789
2748.3629303
2748.35439301
2748.34584045
2748.33738708
2748.32875061
2748.32028198
2748.3116684
2748.30316925
2748.2946167
2748.28614044
2748.27747345
2748.26892853
2748.26021576
2748.25166321
2748.24320984
2748.23451996
2748.22609711
2748.21734619
2748.20880127
2748.20017242
2748.19159698
2748.18296051
2748.17433929
2748.16571045
2748.15692902
2748.1485672
2748.13974762
2748.13115692
2748.12252808
2748.11387634
2748.10521698
2748.09648895
2748.08776855
2748.07909393
2748.07041168
2748.06169891
2748.05321503
2748.04431152
2748.03572083
2748.02684784
2748.01822662
2748.00957489
2748.00074768
2747.99210358
2747.98352814
2747.97452545
2747.96586609
2747.95718384
2747.94841766
2747.93953705
2747.93086243
2747.92208862
2747.91327667
2747.90442657
2747.89576721
2747.8870697
2747.8781662
2747.86946869
2747.86048126
2747.85191345
2747.8429718
2747.83422852
2747.82528687
2747.81661987
2747.80765533
2747.7988739
2747.78991699
2747.78127289
2747.7724762
2747.76342773
2747.75475311
2747.7457962
2747.73687744
2747.72808075
2747.71923065
2747.71043396
2747.70136261
2747.69245911
2747.68357849
2747.67472076
2747.66582489
2747.65694427
2747.64780426
2747.63905334
2747.63022614
2747.62103271
2747.61221313
2747.60327148
2747.59439087
2747.58542633
2747.57628632
2747.56748962
2747.55863953
2747.5496521
2747.54055023
2747.53179932
2747.52262878
2747.51367188
2747.50470734
2747.49556732
2747.48666382
2747.47755432
2747.46864319
2747.45957947
2747.45063019
2747.44147491
2747.4324646
2747.42352295
2747.41456604
2747.40550995
2747.39633942
2747.38726807
2747.37823486
2747.36920166
2747.36006165
2747.35111237
2747.34191895
2747.33285522
2747.32393646
2747.31468964
2747.30557251
2747.2964325
2747.28739929
2747.27823639
2747.26908112
2747.26009369
2747.25082397
2747.24182129
2747.23265839
2747.22350311
2747.21432495
2747.2052002
2747.19606781
2747.18679047
2747.17766571
2747.16848755
2747.15930176
2747.15014648
2747.14108276
2747.13162994
2747.12245178
2747.11343384
2747.10426331
2747.09499359
2747.0858078
2747.07661438
2747.06726074
2747.05801392
2747.04871368
2747.03962708
2747.03025818
2747.02101135
2747.01191711
2747.00245667
2746.99326324
2746.98404694
2746.97460175
2746.96547699
2746.95600891
2746.94681549
2746.93740845
2746.9281311
2746.91879272
2746.90940094
2746.90018463
2746.89092255
2746.88150024
2746.87213135
2746.86276245
2746.85334778
2746.84396362
2746.83472443
2746.82524872
2746.81584167
2746.80654144
2746.79723358
2746.78755951
2746.77835083
2746.76876831
2746.75949097
2746.74997711
2746.7405777
2746.73117828
2746.7215271
2746.71205139
2746.70264435
2746.69326782
2746.68361664
2746.67408752
2746.66460419
2746.65513611
2746.64544678
2746.63597107
2746.62641907
2746.61686707
2746.60727692
2746.59771729
2746.58808136
2746.57841492
2746.56880188
2746.55941772
2746.54966736
2746.5401001
2746.53044891
2746.52098083
2746.51127625
2746.50175476
2746.49212646
2746.48231506
2746.47275543
2746.4630127
2746.45346832
2746.44374847
2746.43401337
2746.42424774
2746.4145813
2746.40487671
2746.39515686
2746.38555145
2746.37576294
2746.36601257
2746.35624695
2746.34658051
2746.33676147
2746.32717133
2746.31717682
2746.30761719
2746.29777527
2746.28804016
2746.27824402
2746.26846313
2746.2585144
2746.2488327
2746.23899078
2746.22927094
2746.21938324
2746.20942688
2746.19972992
2746.18992615
2746.18013763
2746.17028046
2746.1603775
2746.15041351
2746.14070892
2746.13076019
2746.1207962
2746.11097717
2746.10105896
2746.09125519
2746.08132935
2746.07145691
2746.06147003
2746.05149078
2746.04163361
2746.03173065
2746.02180481
2746.01177979
2746.00182343
2745.99192047
2745.98191833
2745.97187805
2745.96212006
2745.95214081
2745.94210815
2745.93213654
2745.92210388
2745.91203308
2745.90207672
2745.89200592
2745.88211823
2745.87192535
2745.86198425
2745.85185242
2745.84188843
2745.83184814
2745.82170105
2745.81172943
2745.80149841
2745.7915802
2745.78144836
2745.77139282
2745.7613678
2745.75112152
2745.74110413
2745.73099518
2745.72084808
2745.71072388
2745.700737
2745.69036865
2745.68035889
2745.6701889
2745.66004944
2745.64987946
2745.63974762
2745.62953949
2745.61945343
2745.60919952
2745.59906006
2745.58879852
2745.57862854
2745.56855774
2745.5581665
2745.5480423
2745.5378418
2745.52765656
2745.5173645
2745.50711823
2745.49690247
2745.48659515
2745.47640991
2745.46619415
2745.45585632
2745.44551086
2745.43554688
2745.42512512
2745.41488647
2745.40447998
2745.39401245
2745.38386536
2745.37359619
2745.36341095
2745.35292816
2745.34277344
2745.33223724
2745.32192993
2745.3115921
2745.30143738
2745.29093933
2745.28059387
2745.27014923
2745.25982666
2745.24947357
2745.23912048
2745.2287674
2745.2183075
2745.20794678
2745.19744873
2745.18707275
2745.17655182
2745.16616058
2745.15570831
2745.14546967
2745.13492584
2745.12457275
2745.114151
2745.10363007
2745.0932312
2745.0826416
2745.07228851
2745.06184387
2745.05132294
2745.0408783
2745.03028107
2745.01974487
2745.00928497
2744.99892426
2744.98827362
2744.97773743
2744.96736145
2744.95661163
2744.94632721
2744.93563843
2744.9251709
2744.91469574
2744.90397644
2744.89344025
2744.88298035
2744.87234497
2744.86177063
2744.85112
2744.84052277
2744.82984924
2744.8193512
2744.80876923
2744.79812622
2744.78735352
2744.7767868
2744.76615143
2744.75569153
2744.74485016
2744.73435211
2744.72360992
2744.71315002
2744.70217896
2744.69168091
2744.68107605
2744.6703186
2744.659729
2744.64897919
2744.63830566
2744.62754822
2744.61683655
2744.60617828
2744.59555054
2744.58466339
2744.57395935
2744.56338501
2744.55244446
2744.54171753
2744.53115845
2744.52028656
2744.50946045
2744.49876404
2744.48802185
2744.47715759
2744.46652222
2744.45570374
2744.44475555
2744.43404388
2744.42314911
2744.41239166
2744.40181732
2744.39068604
2744.37997437
2744.3690033
2744.35835266
2744.34735107
2744.33669281
2744.32576752
2744.31482697
2744.30406952
2744.29309082
2744.28224945
2744.27133179
2744.26054382
2744.24962616
2744.23875427
2744.22775269
2744.21688843
2744.20599365
2744.19509888
2744.18421936
2744.17320251
2744.16231537
2744.1513443
2744.14039612
2744.12939453
2744.1184845
2744.10761261
2744.09661102
2744.08558655
2744.07459259
2744.06362152
2744.05270386
2744.04169464
2744.03071594
2744.01955414
2744.00868225
2743.99756622
2743.98659515
2743.97537994
2743.96451569
2743.9535675
2743.94248199
2743.93136597
2743.92037201
2743.90929413
2743.89821625
2743.88713837
2743.87620544
2743.86513519
2743.85385895
2743.84287262
2743.83163452
2743.82051849
2743.80960846
2743.7983017
2743.78727722
2743.77601624
2743.76512146
2743.75383759
2743.74279785
2743.73158264
2743.72046661
2743.70930481
2743.69819641
2743.68701172
2743.67578125
2743.66465759
2743.65342712
2743.64241028
2743.631073
2743.6198349
2743.60871124
2743.597435
2743.58618927
2743.57492828
2743.56376648
2743.55252838
2743.54134369
2743.53006744
2743.51886749
2743.50765228
2743.49628448
2743.48511505
2743.47376251
2743.46251678
2743.45114899
2743.43996429
2743.42868805
2743.41741943
2743.40600586
2743.39472961
2743.38348389
2743.37214661
2743.36065674
2743.34944153
2743.33816528
2743.32687378
2743.31547546
2743.30404663
2743.29262543
2743.28147125
2743.27011108
2743.25852203
2743.24711609
2743.2358551
2743.22431183
2743.21310425
2743.20163727
2743.19036102
2743.17882538
2743.16760254
2743.15605927
2743.14442444
2743.13294983
2743.12171173
2743.11029053
2743.09873199
2743.08738708
2743.07598877
2743.06443787
2743.05296326
2743.04129028
2743.03000641
2743.01856995
2743.00709534
2742.99558258
2742.98395538
2742.97245789
2742.96105957
2742.94947052
2742.93790436
2742.92652893
2742.91490936
2742.90348053
2742.891716
2742.88037872
2742.86864471
2742.85710144
2742.84564209
2742.83396912
2742.82247162
2742.81079865
2742.79921722
2742.78762817
2742.77610779
2742.76423645
2742.75292969
2742.7411499
2742.7294693
2742.71784973
2742.70628357
2742.69464874
2742.68315125
2742.67140961
2742.65979004
2742.64802551
2742.63633728
2742.62464142
2742.61308289
2742.60137177
2742.58963776
2742.57796478
2742.56616211
2742.55448151
2742.54290009
2742.53115082
2742.51941681
2742.50765228
2742.49582672
2742.48420715
2742.47251129
2742.46074677
2742.44907379
2742.43723297
2742.4254303
2742.41378784
2742.40179443
2742.3901825
2742.37834167
2742.36659241
2742.35490417
2742.34298706
2742.33108521
2742.31950378
2742.30751038
2742.29566956
2742.28368378
2742.27204132
2742.2602005
2742.24823761
2742.23651123
2742.22453308
2742.21266937
2742.20096588
2742.18902588
2742.17705536
2742.16527557
2742.15345001
2742.14151001
2742.12948608
2742.11775208
2742.10578918
2742.09399414
2742.08191681
2742.06987
2742.05804443
2742.04611206
2742.03417969
2742.02220154
2742.0102005
2741.9982605
2741.98631287
2741.9743576
2741.96240997
2741.9504776
2741.93844604
2741.92652893
2741.91436768
2741.90249634
2741.89039612
2741.87840271
2741.86637878
2741.85437775
2741.84224701
2741.83033752
2741.8181839
2741.80623627
2741.79412079
2741.78191376
2741.77005768
2741.7579422
2741.74591827
2741.73366547
2741.72176361
2741.70965576
2741.69747925
2741.68539429
2741.67324829
2741.66110229
2741.6491394
2741.63700867
2741.62480927
2741.61255646
2741.60053253
2741.58829498
2741.57602692
2741.56394196
2741.55181122
2741.53961945
2741.52745819
2741.51528168
2741.50310516
2741.49093628
2741.47885895
2741.46655273
2741.45430756
2741.44213104
2741.42991638
2741.41757202
2741.40547943
2741.3931427
2741.38102722
2741.36868286
2741.35644531
2741.34410095
2741.33193207
2741.31968689
2741.30741882
2741.29508972
2741.28278351
2741.27043152
2741.25813293
2741.24591827
2741.23348236
2741.22123718
2741.20885468
2741.19656372
2741.18421936
2741.17190552
2741.15965271
2741.14720917
2741.13492584
2741.12246704
2741.11014557
2741.09781647
2741.08527374
2741.07309723
2741.06054688
2741.04815674
2741.03588867
2741.02348328
2741.01087952
2740.99852753
2740.98609161
2740.97376251
2740.96140289
2740.94893646
2740.9364624
2740.9240036
2740.91152954
2740.89918518
2740.88664246
2740.87431335
2740.86154175
2740.84915924
2740.83687592
2740.82422638
2740.81164551
2740.79917908
2740.78662872
2740.77417755
2740.7617569
2740.74905396
2740.73658752
2740.72397614
2740.7114563
2740.69896698
2740.68638611
2740.67367554
2740.66116333
2740.64875793
2740.63630676
2740.62345886
2740.61097717
2740.5983429
2740.5856781
2740.57305145
2740.56047821
2740.54785919
2740.53523254
2740.52250671
2740.50987244
2740.4973526
2740.48458862
2740.47189331
2740.45926666
2740.44664764
2740.43388367
2740.42127991
2740.40859222
2740.39593506
2740.38318634
2740.37049866
2740.35774994
2740.3451767
2740.33242798
2740.31974792
2740.30693054
2740.29423523
2740.28137207
2740.26876831
2740.25590515
2740.24330902
2740.23048401
2740.21781921
2740.20491028
2740.19215393
2740.17936707
2740.1665802
2740.15381622
2740.14102936
2740.12815094
2740.11537933
2740.10237122
2740.08951569
2740.07699585
2740.06411743
2740.05106354
2740.03832245
2740.02548218
2740.01264191
2739.99977112
2739.98699951
2739.97396088
2739.96112823
2739.94826508
2739.93530273
2739.92253876
2739.90961456
2739.89657593
2739.88369751
2739.87071228
2739.85779572
2739.844841
2739.83191681
2739.81900024
2739.80601501
2739.79306793
2739.78012085
2739.76734161
2739.75424957
2739.74121857
2739.72821045
2739.71526337
2739.70218658
2739.68936157
2739.67620087
2739.66321564
2739.65023041
2739.63713837
2739.62404633
2739.61093903
2739.59796906
2739.58493042
2739.57194519
2739.55883026
2739.54570007
2739.53277588
2739.5196228
2739.50652313
2739.4933548
2739.48026276
2739.46730042
2739.45397186
2739.44101715
2739.42792511
2739.41449738
2739.40161896
2739.38847351
2739.37532043
2739.36222076
2739.34902191
2739.33594513
2739.32272339
2739.30950928
2739.29632568
2739.28309631
2739.26987457
2739.25679779
2739.24357605
2739.23039246
2739.21711731
2739.20378876
2739.19062042
2739.17739868
2739.16423798
2739.15087891
2739.13766479
2739.12457275
2739.11094666
2739.0978775
2739.08454895
2739.0712738
2739.05804443
2739.04470062
2739.03145599
2739.01803589
2739.00473022
2738.99151611
2738.97806549
2738.96475983
2738.95149231
2738.93811035
2738.92479706
2738.91131592
2738.89809418
2738.88478088
2738.87143707
2738.85800171
2738.84464264
2738.83106995
2738.81777191
2738.80422974
2738.79089355
2738.77763367
2738.76411438
2738.75072479
2738.73747253
2738.72380829
2738.71029663
2738.69696808
2738.68350983
2738.67002869
2738.6565094
2738.64321899
2738.62955475
2738.61618042
2738.60250854
2738.58914185
2738.57562256
2738.56218719
2738.54862213
2738.53492737
2738.52149963
2738.50785828
2738.49430084
2738.48099518
2738.4672699
2738.45385742
2738.44032288
2738.42668152
2738.41309357
2738.39958191
2738.3859024
2738.37236023
2738.35866547
2738.34532928
2738.33152771
2738.31790161
2738.30415344
2738.29058838
2738.27701569
2738.26330566
2738.24964142
2738.23601532
2738.22237396
2738.20870209
2738.19500732
2738.18131256
2738.16780853
2738.15394592
2738.14030457
2738.12659454
2738.11283112
2738.0991745
2738.08535767
2738.07170105
2738.05787659
2738.04424286
2738.03051758
2738.01665497
2738.00284576
2737.98918152
2737.97551727
2737.96172333
2737.94800568
2737.9342041
2737.92028809
2737.90641022
2737.89259338
2737.87891388
2737.86493683
2737.85128784
2737.83734131
2737.82344055
2737.80966949
2737.795784
2737.78204346
2737.76810455
2737.75431824
2737.74038696
2737.72647858
2737.71255493
2737.69865417
2737.68476105
2737.67095184
2737.65685272
2737.64308167
2737.62908173
2737.61514282
2737.60112762
2737.58743286
2737.57324219
2737.5593338
2737.54535675
2737.5315094
2737.5174408
2737.503479
2737.4895401
2737.47550964
2737.46144104
2737.44734955
2737.43354797
2737.41937256
2737.40531921
2737.39131927
2737.37732697
2737.36318207
2737.34941864
2737.33517456
2737.32115936
2737.30691528
2737.29291534
2737.27891541
2737.26472473
2737.25067902
2737.23661041
2737.22257233
2737.20844269
2737.19434357
2737.18011475
2737.166008
2737.15188599
2737.13774872
2737.12351227
2737.10941315
2737.09519196
2737.08114624
2737.06697845
2737.05271912
2737.03846741
2737.0243988
2737.00997925
2736.9958725
2736.98166656
2736.96735382
2736.95328522
2736.93903351
2736.92479706
2736.91056824
2736.89620209
2736.88193512
2736.86766052
2736.85341644
2736.83908844
2736.82487488
2736.81057739
2736.7962265
2736.78213501
2736.76776123
2736.75324249
2736.73905945
2736.72479248
2736.71038818
2736.69611359
2736.68161011
2736.66731262
2736.65302277
2736.6386795
2736.62420654
2736.60986328
2736.59539795
2736.58120728
2736.56652069
2736.55229187
2736.53786469
2736.52346802
2736.50896454
2736.49449921
2736.48023224
2736.46567535
2736.4512558
2736.43667603
2736.42237091
2736.40785217
2736.39322662
2736.37866974
2736.36433411
2736.34981537
2736.33528137
2736.32089996
2736.30625153
2736.29175568
2736.27729034
2736.26266479
2736.2482605
2736.23364258
2736.21923065
2736.20446014
2736.18995667
2736.17549133
2736.1607666
2736.14625549
2736.13165283
2736.11689758
2736.10253906
2736.08778381
2736.07311249
2736.05843353
2736.04395294
2736.0292511
2736.01462555
2736.00006866
2735.98532104
2735.97079468
2735.95591736
2735.94132233
2735.92657471
2735.91188049
2735.8972168
2735.88246918
2735.8678894
2735.85302734
2735.83833313
2735.82353973
2735.8089447
2735.79411316
2735.77929688
2735.76449585
2735.74989319
2735.73514557
2735.72036743
2735.70545959
2735.6906662
2735.67588806
2735.66109467
2735.6463089
2735.63157654
2735.61667633
2735.60178375
2735.58692932
2735.57210541
2735.55722046
2735.5424881
2735.52754211
2735.5127182
2735.49776459
2735.4830246
2735.46801758
2735.45321655
2735.43829346
2735.42345428
2735.40836334
2735.39352417
2735.37853241
2735.36361694
2735.34861755
2735.33364105
2735.31874084
2735.3037262
2735.28885651
2735.27381134
2735.25895691
2735.24388885
2735.22879791
2735.21382904
2735.1989212
2735.18391418
2735.16899109
2735.15372467
2735.13878632
2735.12369537
2735.10863495
2735.09361267
2735.07865143
2735.06358337
2735.04833221
2735.03326416
2735.01824951
2735.00314331
2734.98803711
2734.97299957
2734.95779419
2734.94269562
2734.92762756
2734.91252136
2734.8972702
2734.8820343
2734.86696625
2734.85182953
2734.83659363
2734.82138824
2734.80625916
2734.79111481
2734.77587891
2734.76064301
2734.74552917
2734.73038483
2734.71511841
2734.6998291
2734.68451691
2734.66938019
2734.65394592
2734.63864136
2734.62353516
2734.6082077
2734.59302521
2734.5776825
2734.56241608
2734.54707336
2734.53179932
2734.51656342
2734.50111389
2734.48590088
2734.47040558
2734.45520782
2734.43984222
2734.4243927
2734.40910339
2734.39372253
2734.37841034
2734.36296082
2734.34751892
2734.33213806
2734.3167572
2734.3013382
2734.28596497
2734.27046204
2734.25513458
2734.23964691
2734.22426605
2734.20883942
2734.19335938
2734.1778717
2734.16235352
2734.14684296
2734.13153839
2734.11587524
2734.10045624
2734.08500671
2734.06941223
2734.05384064
2734.03837585
2734.02281952
2734.00728607
2733.99170685
2733.97629547
2733.96062469
2733.94512939
2733.9294281
2733.91395569
2733.89832306
2733.88277435
2733.86712646
2733.85152435
2733.83584595
2733.82041168
2733.80467987
2733.78903198
2733.77346802
2733.75776672
2733.74203491
2733.72642517
2733.71080017
2733.69520569
2733.67945099
2733.66382599
2733.64803314
2733.63235474
2733.61666107
2733.60086823
2733.58516693
2733.5694046
2733.5536499
2733.53781891
2733.52219391
2733.50643921
2733.49060059
2733.47476196
2733.45909882
2733.44326019
2733.42759705
2733.41172791
2733.39589691
2733.38001251
2733.36426544
2733.34838104
2733.33267975
2733.31668854
2733.30089569
2733.28514099
2733.26924133
2733.25331116
2733.23744202
2733.22156525
2733.20565796
2733.18966675
2733.17372894
2733.15779877
2733.14199066
2733.12601471
2733.11013031
2733.09429169
2733.07814789
2733.06231689
2733.04640961
2733.03044128
2733.01433563
2732.99834442
2732.9825058
2732.96633911
2732.95034027
2732.9342804
2732.91834259
2732.90231323
2732.88619232
2732.870224
2732.85415649
2732.83815765
2732.82204437
2732.80589294
2732.7899704
2732.77381897
2732.75772858
2732.74158478
2732.72554779
2732.70941162
2732.69329834
2732.67716217
2732.66101074
2732.64493561
2732.62872314
2732.61270905
2732.59635925
2732.58042908
2732.56407928
2732.54804993
2732.5318222
2732.51566315
2732.49936676
2732.48321533
2732.46689606
2732.45063782
2732.43438721
2732.41817474
2732.40194702
2732.38581085
2732.36952209
2732.3531723
2732.33685303
2732.32061005
2732.30439758
2732.28819275
2732.27169037
2732.25551605
2732.23925018
2732.22272491
2732.20642853
2732.19023895
2732.17362213
2732.15737152
2732.14097595
2732.12468719
2732.10832214
2732.09195709
2732.07563782
2732.05905914
2732.04277039
2732.02635956
2732.00993347
2731.99350739
2731.97703552
2731.9606781
2731.94420624
2731.92764282
2731.91127777
2731.89486694
2731.87823486
2731.86183167
2731.84537506
2731.82898712
2731.81243134
2731.79586029
2731.77932739
2731.76287842
2731.74629211
2731.7297821
2731.71307373
2731.69654083
2731.68009186
2731.66345978
2731.64683533
2731.6302948
2731.61372375
2731.59709167
2731.58056641
2731.56393433
2731.54743195
2731.5306015
2731.51428986
2731.49745941
2731.4807663
2731.46398926
2731.44740295
2731.43071747
2731.41403198
2731.39742279
2731.38072968
2731.36394501
2731.34724426
2731.33065033
2731.31378937
2731.29712677
2731.28042603
2731.26371002
2731.24686432
2731.23015594
2731.21337128
2731.19664764
2731.17990112
2731.16323853
2731.14625549
2731.12943268
2731.11257935
2731.09571838
2731.07896423
2731.06230164
2731.04542542
2731.02861023
2731.01165771
2730.99487305
2730.97787476
2730.96104431
2730.94419098
2730.92743683
2730.9103775
2730.89344025
2730.87644196
2730.85975647
2730.84273529
2730.82576752
2730.80885315
2730.79190826
2730.77511597
2730.75806427
2730.74094391
2730.72407532
2730.70713806
2730.69016266
2730.67315674
2730.65618134
2730.63897705
2730.62214661
2730.60495758
2730.58803558
2730.57102203
2730.55393219
2730.5369339
2730.51980591
2730.50276947
2730.48570251
2730.46855164
2730.45143127
2730.43418121
2730.41725159
2730.40010071
2730.38317871
2730.36589813
2730.34877014
2730.33158875
2730.31436157
2730.29742432
2730.28012848
2730.26296997
2730.24570465
2730.22868347
2730.21144867
2730.19422913
2730.17698669
2730.15969849
2730.14257812
2730.12527466
2730.10812378
2730.09100342
2730.07347107
2730.05640411
2730.03903198
2730.02177429
2730.00430298
2729.98720551
2729.96971893
2729.95258331
2729.93521118
2729.91799164
2729.90060425
2729.88336945
2729.8658905
2729.84861755
2729.83116913
2729.81391907
2729.79652405
2729.77914429
2729.76161194
2729.74446106
2729.72692871
2729.70960236
2729.69211578
2729.67477417
2729.65729523
2729.6399231
2729.62242126
2729.60492706
2729.58743286
2729.56998444
2729.55249786
2729.53513336
2729.51750183
2729.50009155
2729.48240662
2729.465065
2729.44754791
2729.43005371
2729.41247559
2729.3948288
2729.37734222
2729.35993958
2729.34220123
2729.32468414
2729.30719757
2729.28944397
2729.27194977
2729.25431061
2729.23668671
2729.21907043
2729.20146942
2729.18370056
2729.16616821
2729.14839172
2729.13096619
2729.11322784
2729.09562683
2729.07793427
2729.06019592
2729.04249573
2729.02471924
2729.00700378
2728.98935699
2728.97160339
2728.95386505
2728.93625641
2728.91843414
2728.90079498
2728.88295746
2728.86508942
2728.84739685
2728.82967377
2728.81178284
2728.79395294
2728.77616882
2728.75849915
2728.74061584
2728.72288513
2728.70491791
2728.68708801
2728.66916656
2728.65131378
2728.63363647
2728.61565399
2728.59775543
2728.57994843
2728.56193542
2728.54406738
2728.52629089
2728.50827026
2728.49028015
2728.47242737
2728.45436859
2728.43652344
2728.41858673
2728.40071106
2728.38262939
2728.36460114
2728.34662628
2728.32866669
2728.31069946
2728.29271698
2728.27472687
2728.25671387
2728.23868561
2728.22055817
2728.20252991
2728.18448639
2728.1664505
2728.14825439
2728.13032532
2728.11216736
2728.09406281
2728.07614136
2728.05799103
2728.03983307
2728.02178955
2728.0036087
2727.98535919
2727.96739197
2727.94924164
2727.93103027
2727.9128952
2727.89465332
2727.8764801
2727.85832977
2727.84009552
2727.82193756
2727.80375671
2727.7856369
2727.76731873
2727.74900818
2727.73086548
2727.71260834
2727.69437408
2727.67610931
2727.65779114
2727.63962555
2727.621315
2727.60294342
2727.58470917
2727.56636047
2727.54792023
2727.52963257
2727.51131439
2727.49312592
2727.47459412
2727.45636749
2727.43797302
2727.41960144
2727.40116119
2727.38284302
2727.36447144
2727.34600067
2727.32769012
2727.3092804
2727.2906723
2727.27243805
2727.25393677
2727.23558044
2727.2170105
2727.19872284
2727.18021393
2727.16168976
2727.14316559
2727.12460327
2727.10632324
2727.08770752
2727.06912231
2727.05067444
2727.03212738
2727.01363373
2726.99488068
2726.97653198
2726.95792389
2726.93935394
2726.92095947
2726.9023819
2726.88367462
2726.86508179
2726.84651184
2726.82801056
2726.80923462
2726.79062653
2726.77183533
2726.75352478
2726.73477936
2726.71612549
2726.69738007
2726.67876434
2726.66008759
2726.6414032
2726.62271118
2726.60407257
2726.5852356
2726.56668091
2726.54781342
2726.52920532
2726.51039124
2726.49167633
2726.47286987
2726.45409393
2726.43540192
2726.41668701
2726.39790344
2726.37917328
2726.36026001
2726.34142303
2726.32270813
2726.30392456
2726.28497314
2726.26618958
2726.24739075
2726.22853088
2726.20973206
2726.19071198
2726.17181396
2726.15306091
2726.13417816
2726.11515045
2726.09630585
2726.07746887
2726.05853271
2726.03971863
2726.02066803
2726.0016861
2725.98282623
2725.96369171
2725.94493103
2725.92583466
2725.90695953
2725.88790131
2725.86899567
2725.84996033
2725.83100891
2725.81195068
2725.79286957
2725.77387238
2725.75489044
2725.73564911
2725.71674347
2725.69746399
2725.6785965
2725.65945435
2725.64031982
2725.62129974
2725.60231018
2725.58304596
2725.5640564
2725.54482269
2725.52584839
2725.50656891
2725.48747253
2725.46835327
2725.44921112
2725.42996979
2725.4108429
2725.39156342
2725.37252808
2725.35324097
2725.33412933
2725.31477356
2725.29571533
2725.27651215
2725.25730133
2725.23792267
2725.21886444
2725.19940186
2725.18013
2725.16091919
2725.14163208
2725.12231445
2725.10305786
2725.0837326
2725.06450653
2725.04521179
2725.02584076
2725.00645447
2724.98725891
2724.9678421
2724.94855499
2724.92915344
2724.90981293
2724.89020538
2724.8709259
2724.85154724
2724.8321991
2724.81273651
2724.79336548
2724.77388
2724.75453186
2724.73513031
2724.71534729
2724.69628143
2724.67678833
2724.65733337
2724.63782501
2724.61834717
2724.59874725
2724.57933807
2724.55990601
2724.54040527
2724.52072906
2724.50130463
2724.48155975
2724.46215057
2724.44252014
2724.42316437
2724.40345001
2724.38401031
2724.36420441
2724.344841
2724.32530212
2724.30555725
2724.2859726
2724.26631165
2724.24680328
2724.22711945
2724.20734406
2724.18782806
2724.16812897
2724.14852905
2724.12885284
2724.10916138
2724.08940125
2724.06965637
2724.04990387
2724.03037262
2724.01079559
2723.99087524
2723.97104645
2723.95149994
2723.93174744
2723.91191101
2723.89212799
2723.87242126
2723.85263062
2723.83287811
2723.81304169
2723.79328156
2723.77351379
2723.753685
2723.73378754
2723.71406555
2723.69420624
2723.67427826
2723.65435791
2723.63465881
2723.61481476
2723.59487915
2723.57510376
2723.55517578
2723.5351944
2723.51524353
2723.49541473
2723.47557068
2723.45550537
2723.4355545
2723.4156189
2723.39570618
2723.37587738
2723.35588837
2723.33574677
2723.31586456
2723.29584503
2723.27592468
2723.25592041
2723.23578644
2723.21587372
2723.19587708
2723.17570496
2723.15576172
2723.13562775
2723.11558533
2723.09563446
2723.07553864
2723.05542755
2723.03533173
2723.01524353
2722.99517822
2722.97505951
2722.95505524
2722.93492126
2722.91467285
2722.89459991
2722.87456512
2722.85428619
2722.83408356
2722.81398773
2722.79386139
2722.77351379
2722.75344849
2722.73316956
2722.71305847
2722.69265747
2722.6726532
2722.65245056
2722.63212585
2722.61197662
2722.59173584
2722.57144928
2722.55119324
2722.53101349
2722.51061249
2722.49027252
2722.47006989
2722.44982147
2722.42937469
2722.40913391
2722.38886261
2722.3684082
2722.34807587
2722.32780457
2722.30738068
2722.28713989
2722.26663971
2722.24620819
2722.22592163
2722.20558167
2722.18512726
2722.16483307
2722.14440155
2722.12406921
2722.10349274
2722.08319855
2722.06258392
2722.04222107
2722.0217514
2722.00125885
2721.98083496
2721.96034241
2721.93991852
2721.91932678
2721.89885712
2721.87837219
2721.85778809
2721.83731842
2721.81673431
2721.7963562
2721.77571869
2721.75519562
2721.73467255
2721.71406555
2721.69334412
2721.67282867
2721.65229034
2721.63184357
2721.61101532
2721.59049988
2721.5697937
2721.54928589
2721.52864838
2721.50793457
2721.48738861
2721.46664429
2721.44594574
2721.42529297
2721.40457153
2721.38401794
2721.36326599
2721.34252167
2721.32177734
2721.30110931
2721.28044128
2721.25968933
2721.23899078
2721.21826935
2721.19748688
2721.17671967
2721.15584564
2721.13513947
2721.11447906
2721.09354401
2721.07278442
2721.05197144
2721.03109741
2721.01039886
2720.98956299
2720.96871185
2720.94789886
2720.92725372
2720.90629578
2720.88535309
2720.86457062
2720.84339905
2720.82277679
2720.80177307
2720.78101349
2720.75992584
2720.73917389
2720.71819305
2720.69735718
2720.67625427
2720.65547943
2720.6344986
2720.61356354
2720.59252167
2720.57156372
2720.55072021
2720.52972412
2720.50852203
2720.48758698
2720.4665451
2720.44567871
2720.42462158
2720.40356445
2720.38244629
2720.36139679
2720.34037018
2720.31925201
2720.29840851
2720.27716064
2720.25615692
2720.23509979
2720.21405792
2720.19294739
2720.17181396
2720.15070343
2720.1295166
2720.10832214
2720.08731842
2720.0661087
2720.04491425
2720.02387238
2720.00270081
2719.98132324
2719.96031189
2719.93906403
2719.91790009
2719.89655304
2719.87546539
2719.85429382
2719.83305359
2719.81187439
2719.79051971
2719.76939392
2719.74800873
2719.72675323
2719.70547485
2719.68427277
2719.66291046
2719.64168549
2719.62032318
2719.59893036
2719.57778168
2719.55645752
2719.53504181
2719.51365662
2719.49234009
2719.47101593
2719.44976807
2719.42848969
2719.40699768
2719.38543701
2719.36418152
2719.34290314
2719.32138062
2719.30006409
2719.27859497
2719.25731659
2719.23578644
2719.21432495
2719.19309998
2719.17147827
2719.15002441
2719.12856293
2719.10712433
2719.08557892
2719.06421661
2719.04247284
2719.02119446
2718.99954224
2718.97810364
2718.95662689
2718.93508911
2718.91345978
2718.89191437
2718.87049103
2718.84900665
2718.82730103
2718.80584717
2718.78417969
2718.76258087
2718.7410202
2718.71936035
2718.69782257
2718.67624664
2718.65457916
2718.63288879
2718.6113739
2718.58953857
2718.56807709
2718.54624176
2718.52484894
2718.50312042
2718.48142242
2718.45967102
2718.43804932
2718.41627502
2718.39453125
2718.37290955
2718.3513031
2718.32952118
2718.30780792
2718.2859726
2718.2641983
2718.24250793
2718.22081757
2718.1990509
2718.17712402
2718.15533447
2718.13370514
2718.11188507
2718.08992004
2718.06819153
2718.04644775
2718.02466583
2718.00275421
2717.98086548
2717.95901489
2717.93737793
2717.91544342
2717.89361572
2717.87166595
2717.84978485
2717.82797241
2717.80608368
2717.78411865
2717.76220703
2717.74034119
2717.71835327
2717.69626617
2717.67440033
2717.65251923
2717.63045502
2717.60868073
2717.58657837
2717.56471252
2717.54267883
2717.52055359
2717.49881744
2717.47671509
2717.45476532
2717.43257904
2717.41081238
2717.38861847
2717.36667633
2717.34455872
2717.32254028
2717.30049133
2717.27833557
2717.25631714
2717.23418427
2717.21231079
2717.19001007
2717.16799927
2717.14589691
2717.12374115
2717.10159302
2717.07952118
2717.0573349
2717.03530884
2717.0129776
2716.99097443
2716.96884155
2716.94670105
2716.92455292
2716.90239716
2716.88002777
2716.85797119
2716.83576202
2716.81349182
2716.79129791
2716.76903534
2716.74699402
2716.72454071
2716.70238495
2716.68017578
2716.65794373
2716.63565063
2716.61326599
2716.59113312
2716.56880188
2716.54642487
2716.52417755
2716.50177002
2716.47962952
2716.45716858
2716.43499756
2716.41252899
2716.3903656
2716.36797333
2716.34561157
2716.32315063
2716.30084229
2716.27854919
2716.25614929
2716.23381042
2716.21150208
2716.18901825
2716.16659546
2716.14420319
2716.12182617
2716.09927368
2716.07692719
2716.05442047
2716.03199005
2716.00963593
2715.98706055
2715.96473694
2715.94211578
2715.91973877
2715.89725494
2715.87474823
2715.85219574
2715.8296051
2715.80721283
2715.78457642
2715.762146
2715.73965454
2715.71708679
2715.69456482
2715.67202759
2715.6493988
2715.62687683
2715.60426331
2715.58163452
2715.55915833
2715.53652954
2715.51382446
2715.49134064
2715.46865082
2715.44615173
2715.42338562
2715.40085602
2715.37819672
2715.35546875
2715.33283234
2715.31027222
2715.28742981
2715.26493835
2715.24214935
2715.2194519
2715.19683838
2715.17411804
2715.15135193
2715.12875366
2715.10598755
2715.08316803
2715.06047821
2715.03772736
2715.01495361
2714.99233246
2714.96954346
2714.94667053
2714.92393494
2714.9012146
2714.87838745
2714.85565186
2714.83285522
2714.81008148
2714.78720093
2714.76436615
2714.7416153
2714.71871948
2714.69598389
2714.6729126
2714.65020752
2714.62730408
2714.60449219
2714.58171844
2714.55877686
2714.53588104
2714.51303101
2714.49001312
2714.46717834
2714.44421387
2714.42131805
2714.39832306
2714.3754425
2714.35248566
2714.32959747
2714.30649567
2714.28386688
2714.26072693
2714.23781586
2714.21484375
2714.19178009
2714.16874695
2714.14582062
2714.12293243
2714.09962463
2714.07674408
2714.05367279
2714.0308075
2714.00770569
2713.98468018
2713.96157837
2713.93843079
2713.91567993
2713.8924408
2713.86940002
2713.84629059
2713.82328796
2713.80007935
2713.77705383
2713.75387573
2713.7307663
2713.70761108
2713.68455505
2713.66139984
2713.63829041
2713.615242
2713.5918808
2713.56877136
2713.54561615
2713.52248383
2713.49932861
2713.47606659
2713.45304108
2713.42984772
2713.40648651
2713.38335419
2713.36016846
2713.33692169
2713.3136673
2713.29042053
2713.2671814
2713.24403381
2713.22068024
2713.19747925
2713.17411041
2713.15104675
2713.12776184
2713.10435486
2713.08110046
2713.05762482
2713.03456116
2713.01105499
2712.98777771
2712.96435547
2712.94110107
2712.91779327
2712.89456177
2712.87117004
2712.84786224
2712.82453156
2712.80103302
2712.77780151
2712.75445557
2712.73120117
2712.70759583
2712.68426514
2712.66083527
2712.63737488
2712.6138916
2712.59062958
2712.56704712
2712.54372406
2712.52023315
2712.49692535
2712.47328949
2712.4499054
2712.42645264
2712.40296936
2712.37953186
2712.35601044
2712.33255768
2712.30890656
2712.28541565
2712.26199341
2712.23849487
2712.21509552
2712.1913681
2712.16799164
2712.14430237
2712.1207962
2712.0973053
2712.07357788
2712.05007172
2712.02655029
2712.00308228
2711.97944641
2711.95584869
2711.9322052
2711.90853119
2711.88495636
2711.8614502
2711.8378067
2711.81411743
2711.79045105
2711.76677704
2711.74320221
2711.71961975
2711.69586945
2711.67229462
2711.64862823
2711.62493134
2711.60121155
2711.5776062
2711.55387115
2711.53016663
2711.50653076
2711.48277283
2711.45911407
2711.43532562
2711.41168976
2711.38794708
2711.36421967
2711.34039307
2711.31655884
2711.29298401
2711.26921082
2711.24547577
2711.22164917
2711.19773102
2711.17403412
2711.15020752
2711.12631226
2711.10266113
2711.0787735
2711.05500031
2711.03114319
2711.00735474
2710.98345184
2710.95972443
2710.93573761
2710.91187286
2710.88825226
2710.86419678
2710.84040833
2710.81632233
2710.79251099
2710.76862335
2710.74489594
2710.72093201
2710.6969986
2710.67302704
2710.64920044
2710.62521362
2710.6014328
2710.57731628
2710.55332184
2710.5294342
2710.50544739
2710.48158264
2710.45762634
2710.4336319
2710.40966797
2710.38568115
2710.36174011
2710.33760071
2710.31371307
2710.2896347
2710.26557159
2710.24164581
2710.21760559
2710.19352722
2710.16955566
2710.14542389
2710.12148285
2710.09732819
2710.07315063
2710.04924011
2710.02507782
2710.00101471
2709.97701263
2709.95285797
2709.92883301
2709.90474701
2709.88056946
2709.85649872
2709.83249664
2709.80828857
2709.78417206
2709.7600174
2709.7358551
2709.71190643
2709.68752289
2709.66330719
2709.63922882
2709.61503601
2709.59096527
2709.56674194
2709.54255676
2709.51838684
2709.49419403
2709.46990204
2709.44576263
2709.42156982
2709.39729309
2709.37301636
2709.34888458
2709.3245163
2709.30031586
2709.27617645
2709.25177002
2709.2276535
2709.2032547
2709.17903137
2709.15486145
2709.13049316
2709.10627747
2709.08200073
2709.05761719
2709.03333282
2709.00897217
2708.98468018
2708.96032715
2708.93605042
2708.91175079
2708.8874054
2708.86301422
2708.8387146
2708.81432343
2708.7898941
2708.76542664
2708.74120331
2708.71678162
2708.69245148
2708.66796875
2708.64369965
2708.61915588
2708.59481049
2708.57040405
2708.54598999
2708.52160645
2708.49713135
2708.47270203
2708.44824982
2708.42391205
2708.39941406
2708.37501526
2708.35042572
2708.32601166
2708.30152893
2708.27700806
2708.25250244
2708.22811127
2708.20355988
2708.17907715
2708.15462494
2708.13000488
2708.10559845
2708.08097076
2708.05635071
2708.03201294
2708.00733948
2707.98275757
2707.95830536
2707.93373871
2707.90925598
2707.88461304
2707.86004639
2707.835495
2707.81100464
2707.78632355
2707.76174164
2707.73707581
2707.71240997
2707.68796539
2707.6632843
2707.63865662
2707.61408997
2707.58942413
2707.56479645
2707.53999329
2707.51546478
2707.49082184
2707.46620178
2707.44152832
2707.41676331
2707.39221191
2707.36743164
2707.3427124
2707.31809235
2707.29336548
2707.26886749
2707.2440567
2707.2193222
2707.19470215
2707.16999817
2707.14516449
2707.12032318
2707.09555817
2707.07093811
2707.04624939
2707.02141571
2706.9966507
2706.97198486
2706.94718933
2706.9223175
2706.89757538
2706.8727951
2706.84803772
2706.82328033
2706.79856873
2706.77364349
2706.74890137
2706.72389984
2706.69924164
2706.67432404
2706.64954376
2706.62471771
2706.59989929
2706.57502747
2706.5501709
2706.52524567
2706.50043488
2706.47560883
2706.45071411
2706.42589569
2706.40097046
2706.37597656
2706.35112762
2706.32621002
2706.30130005
2706.27646637
2706.25149536
2706.22659302
2706.20166779
2706.17668915
2706.15180206
2706.12699127
2706.10191345
2706.07702637
2706.05212402
2706.02700806
2706.00218964
2705.97711182
2705.95211792
2705.92727661
2705.90224457
2705.87715912
2705.85231018
2705.82719421
2705.80220795
2705.77726746
2705.75222778
2705.72711945
2705.7022171
2705.67710114
2705.6519928
2705.62712097
2705.60189819
2705.577034
2705.55194855
2705.52679443
2705.50186157
2705.47673798
2705.45166779
2705.42649078
2705.40151978
2705.37637329
2705.35134888
2705.32611847
2705.30094147
2705.27588654
2705.25091553
2705.22572327
2705.20061493
2705.17554474
2705.15027618
2705.12525177
2705.09994507
2705.07489014
2705.04982758
2705.0245285
2704.99937439
2704.97418976
2704.94908905
2704.92389679
2704.89865875
2704.87356567
2704.84832001
2704.82300568
2704.79792023
2704.77268219
2704.74746704
2704.7223053
2704.69698334
2704.67182159
2704.64662933
2704.62136841
2704.59614563
2704.57085419
2704.54572296
2704.52036285
2704.49516296
2704.46988678
2704.44455719
2704.41924286
2704.39392853
2704.3687439
2704.34342957
2704.31815338
2704.29276276
2704.26755524
2704.24212646
2704.21684265
2704.19158173
2704.16622925
2704.14092255
2704.11554718
2704.09022522
2704.06487274
2704.03954315
2704.01428986
2703.98892212
2703.96351624
2703.9380722
2703.9128418
2703.88736725
2703.86206818
2703.83655548
2703.81119537
2703.78595734
2703.76043701
2703.73497009
2703.70960999
2703.68424225
2703.65859985
2703.63337708
2703.60800934
2703.58240509
2703.55715942
2703.53167725
2703.50624084
2703.48075867
2703.45515442
2703.42990875
2703.40427399
2703.37885284
2703.35338593
2703.32785034
2703.30241394
2703.27693176
2703.25138092
2703.22597504
2703.20045471
2703.17501068
2703.14937592
2703.12385559
2703.09838104
2703.0728302
2703.04740143
2703.0217514
2702.9962616
2702.97065735
2702.94517517
2702.91960144
2702.89404297
2702.86843872
2702.84294128
2702.81739044
2702.79172516
2702.76608276
2702.74060059
2702.71510315
2702.68946838
2702.66381073
2702.63828278
2702.61262512
2702.58702087
2702.56148529
2702.53575134
2702.51013947
2702.48448181
2702.45889282
2702.43322754
2702.40755463
2702.38188934
2702.35629272
2702.33068085
2702.30484772
2702.27928925
2702.25359344
2702.22803497
2702.20223999
2702.17649841
2702.15093994
2702.12526703
2702.09949493
2702.07392883
2702.04821777
2702.02236938
2701.99668884
2701.97097015
2701.94524384
2701.91969299
2701.89391327
2701.86806488
2701.84230042
2701.81661987
2701.79089355
2701.76502228
2701.73935699
2701.71341705
2701.68778992
2701.66207886
2701.63626862
2701.6104126
2701.58470154
2701.5588913
2701.5330658
2701.50741577
2701.48140717
2701.45570374
2701.4298172
2701.4041748
2701.37826538
2701.35237122
2701.3266983
2701.30070496
2701.27497101
2701.24912262
2701.2233429
2701.19734192
2701.17150879
