460894.859375
458818.214844
457071.175781
455401.84375
453758.164062
452124.074219
450494.660156
448867.789062
447243.269531
445620.820312
444000.460938
442382.332031
440766.269531
439152.496094
437540.710938
435931.1875
434323.671875
432718.132812
431113.730469
429510.492188
427908.007812
426306.230469
424705.167969
423104.878906
421505.175781
419905.472656
418305.78125
416706.070312
415105.964844
413505.214844
411903.574219
410301.140625
408698.070312
407094.226562
405489.683594
403883.984375
402277.328125
400669.503906
399060.636719
397450.285156
395838.675781
394225.679688
392611.417969
390995.964844
389379.441406
387762.019531
386143.722656
384524.449219
382904.492188
381283.714844
379662.480469
378040.878906
376418.71875
374796.289062
373173.441406
371550.707031
369927.689453
368304.707031
366681.777344
365059.103516
363436.59375
361814.314453
360192.441406
358571.023438
356950.242188
355330.0
353710.578125
352092.035156
350474.427734
348857.871094
347242.347656
345628.060547
344015.15625
342403.701172
340793.732422
339185.328125
337578.837891
335973.984375
334371.144531
332770.357422
331171.671875
329575.095703
327980.84375
326389.109375
324799.738281
323212.914062
321628.642578
320046.871094
318467.804688
316891.5
315318.046875
313747.662109
312180.152344
310615.949219
309055.029297
307497.3125
305942.912109
304392.005859
302844.634766
301300.980469
299761.023438
298224.871094
296692.736328
295164.615234
293640.605469
292120.675781
290604.970703
289093.396484
287586.162109
286083.320312
284585.044922
283091.181641
281602.107422
280117.755859
278638.244141
277163.865234
275694.560547
274230.65625
272771.947266
271318.894531
269871.498047
268429.736328
266993.972656
265564.0625
264140.287109
262722.583984
261310.998047
259905.679688
258506.599609
257113.691406
255727.302734
254347.15625
252973.587891
251606.541016
250246.119141
248892.355469
247545.498047
246205.490234
244872.544922
243546.628906
242228.027344
240916.630859
239612.763672
238316.306641
237027.423828
235746.351562
234473.044922
233207.535156
231949.935547
230700.306641
229458.787109
228225.320312
227000.021484
225782.960938
224574.167969
223373.630859
222181.404297
220997.509766
219821.921875
218654.404297
217495.107422
216343.859375
215200.667969
214065.476562
212938.257812
211818.90625
210707.398438
209603.587891
208507.558594
207419.097656
206338.310547
205265.132812
204199.425781
203141.277344
202090.498047
201047.066406
200011.021484
198982.324219
197960.898438
196946.753906
195939.964844
194940.421875
193948.169922
192963.28125
191985.699219
191015.476562
190052.669922
189097.341797
188149.480469
187209.222656
186276.53125
185351.398438
184433.945312
183524.171875
182622.126953
181727.949219
180841.580078
179963.162109
179092.569336
178230.131836
177375.643555
176529.275391
175691.072266
174861.056641
174039.214844
173225.611328
172420.227539
171623.185547
170834.365234
170053.842773
169281.599609
168517.634766
167761.966797
167014.384766
166275.019531
165543.69043
164820.398438
164104.989258
163397.415039
162697.536133
162005.350586
161320.763672
160643.708008
159974.166016
159312.075195
158657.412109
158010.086914
157370.088867
156737.362305
156111.844727
155493.569336
154882.43457
154278.450195
153681.610352
153091.830078
152509.046875
151933.277344
151364.426758
150802.473633
150247.369141
149699.035156
149157.415039
148622.517578
148094.240234
147572.583984
147057.563477
146549.109375
146047.178711
145551.788086
145062.970703
144580.589844
144104.661133
143635.206055
143172.134766
142715.461914
142265.12207
141821.101562
141383.392578
140951.839844
140526.520508
140107.328125
139694.176758
139287.068359
138885.896484
138490.637695
138101.28418
137717.751953
137339.944336
136967.884766
136601.509766
136240.814453
135885.712891
135536.204102
135192.179688
134853.709961
134520.804688
134193.283203
133871.223633
133554.503906
133243.180664
132937.226562
132636.535156
132341.095703
132050.880859
131765.901367
131486.003906
131211.219727
130941.492188
130676.777344
130417.044922
130162.253906
129912.280273
129667.166016
129426.787109
129191.139648
128960.138672
128733.726562
128511.887695
128294.489258
128081.574219
127872.916016
127668.635742
127468.52832
127272.598633
127080.817383
126893.061523
126709.291992
126529.431641
126353.459961
126181.289062
126012.948242
125848.230469
125687.206055
125529.782227
125375.931641
125225.583984
125078.723633
124935.291992
124795.287109
124658.619141
124525.289062
124395.220703
124268.356445
124144.780273
124024.322266
123907.025391
123792.805664
123681.688477
123573.552734
123468.451172
123366.313477
123267.092773
123170.760742
123077.243164
122986.543945
122898.571289
122813.328125
122730.779297
122650.806641
122573.477539
122498.663086
122426.336914
122356.447266
122288.959961
122223.802734
122160.9375
122100.347656
122041.911133
121985.655273
121931.526367
121879.413086
121829.324219
121781.199219
121734.964844
121690.611328
121648.068359
121607.286133
121568.25
121530.857422
121495.107422
121460.921875
121428.264648
121397.131836
121367.387695
121339.077148
121312.078125
121286.425781
121261.994141
121238.824219
121216.825195
121195.97168
121176.219727
121157.49707
121139.823242
121123.058594
121107.304688
121092.416992
121078.410156
121065.235352
121052.825195
121041.210938
121030.274414
121020.080078
121010.486328
121001.52832
120993.195312
120985.375
120978.117188
120971.370117
120965.083008
120959.25
120953.855469
120948.80957
120944.137695
120939.84668
120935.873047
120932.179688
120928.806641
120925.678711
120922.791016
120920.160156
120917.693359
120915.428711
120913.339844
120911.4375
120909.665039
120908.009766
120906.493164
120905.085938
120903.777344
120902.568359
120901.441406
120900.393555
120899.416016
120898.493164
120897.602539
120896.788086
120896.014648
120895.274414
120894.577148
120893.904297
120893.271484
120892.675781
120892.077148
120891.541016
120890.978516
120890.429688
120889.916016
120889.392578
120888.893555
120888.416992
120887.958008
120887.486328
120887.032227
120886.591797
120886.144531
120885.701172
120885.277344
120884.84375
120884.421875
120883.982422
120883.570312
120883.139648
120882.739258
120882.330078
120881.907227
120881.508789
120881.097656
120880.711914
120880.308594
120879.916992
120879.516602
120879.104492
120878.703125
120878.321289
120877.916016
120877.521484
120877.123047
120876.733398
120876.337891
120875.941406
120875.544922
120875.177734
120874.78125
120874.375
120873.967773
120873.55957
120873.181641
120872.786133
120872.393555
120872.008789
120871.597656
120871.204102
120870.803711
120870.419922
120870.03418
120869.62793
120869.237305
120868.834961
120868.444336
120868.041992
120867.655273
120867.277344
120866.876953
120866.490234
120866.103516
120865.711914
120865.331055
120864.926758
120864.543945
120864.138672
120863.748047
120863.367188
120862.942383
120862.561523
120862.165039
120861.755859
120861.365234
120860.974609
120860.581055
120860.198242
120859.81543
120859.413086
120859.012695
120858.617188
120858.220703
120857.828125
120857.425781
120857.022461
120856.628906
120856.226562
120855.839844
120855.444336
120855.063477
120854.660156
120854.265625
120853.854492
120853.454102
120853.077148
120852.698242
120852.291992
120851.881836
120851.475586
120851.088867
120850.706055
120850.300781
120849.897461
120849.493164
120849.099609
120848.708984
120848.321289
120847.919922
120847.529297
120847.141602
120846.734375
120846.342773
120845.938477
120845.537109
120845.140625
120844.745117
120844.345703
120843.946289
120843.556641
120843.155273
120842.764648
120842.365234
120841.962891
120841.573242
120841.169922
120840.78125
120840.378906
120839.982422
120839.584961
120839.19043
120838.789062
120838.375
120837.991211
120837.603516
120837.213867
120836.828125
120836.429688
120836.037109
120835.625
120835.224609
120834.830078
120834.438477
120834.040039
120833.650391
120833.248047
120832.851562
120832.453125
120832.040039
120831.660156
120831.285156
120830.885742
120830.467773
120830.081055
120829.69043
120829.296875
120828.907227
120828.510742
120828.124023
120827.720703
120827.313477
120826.926758
120826.515625
120826.116211
120825.71875
120825.344727
120824.958008
120824.548828
120824.15332
120823.75
120823.367188
120822.967773
120822.567383
120822.179688
120821.775391
120821.374023
120820.990234
120820.583008
120820.183594
120819.787109
120819.392578
120818.985352
120818.604492
120818.202148
120817.813477
120817.428711
120817.040039
120816.634766
120816.224609
120815.819336
120815.432617
120815.03125
120814.655273
120814.257812
120813.848633
120813.459961
120813.052734
120812.642578
