1.279598921537399292e-01,1.835329234600067139e-01,1.863103546202182770e-02,1.863486617803573608e-01,2.339037358760833740e-01,1.492214649915695190e-01,6.604238599538803101e-02,2.482388168573379517e-01,-8.148007839918136597e-02,1.820785850286483765e-01,1.897190958261489868e-01,1.800474375486373901e-01,2.054699808359146118e-01,3.423334565013647079e-03,2.922894358634948730e-01,2.574899494647979736e-01,2.442024052143096924e-01,2.281712740659713745e-01,3.797581046819686890e-02,4.770392552018165588e-02
-3.859891593456268311e-01,1.057054176926612854e-01,2.513567805290222168e-01,-2.312692999839782715e-02,-2.815141081809997559e-01,-5.869364831596612930e-03,3.102128952741622925e-02,-2.042727470397949219e-01,4.112404584884643555e-02,-1.574423015117645264e-01,-2.677934467792510986e-01,1.906107924878597260e-02,-6.653361767530441284e-02,-3.168831393122673035e-02,3.778731822967529297e-02,1.826955080032348633e-01,1.742953807115554810e-01,3.871165961027145386e-02,-1.139982566237449646e-01,4.323789104819297791e-02
4.065979272127151489e-02,8.671483397483825684e-02,7.940074801445007324e-02,6.863471120595932007e-02,9.262727946043014526e-02,1.331596374511718750e-01,5.402272194623947144e-02,3.227273747324943542e-02,5.300311371684074402e-02,3.343219161033630371e-01,9.872027486562728882e-02,3.992613032460212708e-02,-1.164629869163036346e-02,4.932967573404312134e-02,1.885811537504196167e-01,1.527930945158004761e-01,2.278764992952346802e-01,4.082518815994262695e-02,1.820416301488876343e-01,2.655231356620788574e-01
1.088783610612154007e-04,5.050777643918991089e-02,6.058362871408462524e-02,1.351146847009658813e-01,-3.933237195014953613e-01,1.392216980457305908e-02,-1.732040196657180786e-01,-5.169229209423065186e-02,2.833405137062072754e-01,-5.867461860179901123e-02,-2.686245925724506378e-02,1.146001368761062622e-01,-6.234927475452423096e-02,2.682166695594787598e-01,2.911467552185058594e-01,3.406899049878120422e-02,1.294517815113067627e-01,-1.879669167101383209e-02,6.002404913306236267e-02,3.793878853321075439e-01
9.434111416339874268e-02,2.261177822947502136e-02,2.194615155458450317e-01,-7.100830972194671631e-02,2.207300961017608643e-01,-2.011315710842609406e-02,2.476852685213088989e-01,1.790749877691268921e-01,-8.653325960040092468e-03,2.459421008825302124e-01,1.700183302164077759e-01,2.170061022043228149e-01,1.690478324890136719e-01,-3.730890154838562012e-02,1.782859414815902710e-01,7.726731151342391968e-02,1.167557239532470703e-01,3.329493105411529541e-01,1.650961488485336304e-01,1.951843053102493286e-01
5.102010965347290039e-01,5.435774102807044983e-03,9.718228830024600029e-05,2.758380472660064697e-01,5.921824574470520020e-01,1.979994475841522217e-01,1.000106036663055420e-01,3.275272548198699951e-01,1.020614355802536011e-01,7.075090706348419189e-02,3.317164182662963867e-01,1.852799057960510254e-01,2.658936083316802979e-01,-2.669790685176849365e-01,8.976449817419052124e-02,1.396872103214263916e-01,4.985101521015167236e-02,9.355335682630538940e-02,2.415951043367385864e-01,8.481155335903167725e-02
-3.170818686485290527e-01,1.679398119449615479e-01,2.695480585098266602e-01,-7.974223047494888306e-02,-3.259797096252441406e-01,8.136139065027236938e-02,-7.701785117387771606e-02,-1.278304308652877808e-01,2.758081555366516113e-01,1.621359288692474365e-01,-2.015704065561294556e-01,1.416060179471969604e-01,6.016369536519050598e-02,7.709644734859466553e-02,1.300099492073059082e-01,7.417383044958114624e-02,7.345824688673019409e-02,-6.714418530464172363e-02,2.355563193559646606e-01,1.901304870843887329e-01
3.471080660820007324e-01,1.005481258034706116e-01,1.324943918734788895e-02,7.370988279581069946e-02,3.482227921485900879e-01,2.329014092683792114e-01,4.118508994579315186e-01,2.416188567876815796e-01,-3.690345212817192078e-02,2.586811184883117676e-01,1.084376648068428040e-01,3.304775655269622803e-01,1.189929917454719543e-01,-6.971484422683715820e-02,2.470428645610809326e-01,1.185272708535194397e-01,1.688524484634399414e-01,2.452030926942825317e-01,1.529879570007324219e-01,2.334029376506805420e-01
-2.879104018211364746e-01,-7.357713580131530762e-02,1.941713839769363403e-01,-5.141881480813026428e-02,-4.589443206787109375e-01,3.370546270161867142e-03,9.897138224914669991e-04,-4.010500013828277588e-01,1.955236196517944336e-01,-3.695242851972579956e-02,-5.106447637081146240e-02,1.271515488624572754e-01,-2.429882436990737915e-02,1.557800471782684326e-01,-5.840260908007621765e-02,7.652776688337326050e-02,6.918147951364517212e-02,-1.966558545827865601e-01,-1.126993373036384583e-01,-3.772142529487609863e-02
3.466134369373321533e-01,1.652810722589492798e-01,-7.673799991607666016e-03,4.260595440864562988e-01,5.365748405456542969e-01,1.171482950448989868e-01,1.916324049234390259e-01,3.820388615131378174e-01,-1.296915858983993530e-01,1.337629556655883789e-01,2.514019608497619629e-01,1.906926929950714111e-01,3.339846730232238770e-01,1.099667921662330627e-01,1.446762681007385254e-01,3.236821889877319336e-01,1.812847852706909180e-01,3.029252886772155762e-01,3.122766613960266113e-01,1.125446185469627380e-01
1.975988596677780151e-01,2.547921240329742432e-01,3.070630133152008057e-01,-1.148356944322586060e-01,7.293454557657241821e-02,8.699978888034820557e-02,-1.295906156301498413e-01,-6.444134563207626343e-02,1.781275123357772827e-01,2.463777363300323486e-01,1.411347538232803345e-01,1.430949717760086060e-01,-6.512437015771865845e-02,1.132875308394432068e-02,6.637641787528991699e-02,-1.442915573716163635e-02,1.269085556268692017e-01,-2.342192456126213074e-02,-8.881451189517974854e-02,1.759917438030242920e-01
-2.204821705818176270e-01,-6.926393508911132812e-02,2.190777510404586792e-01,5.446121096611022949e-03,-2.754310071468353271e-01,-6.509900838136672974e-02,-1.586608290672302246e-01,-2.399421930313110352e-01,1.343350559473037720e-01,-3.227022290229797363e-01,-1.904690116643905640e-01,-4.157566931098699570e-03,-1.310339719057083130e-01,1.112852171063423157e-01,-1.250720322132110596e-01,1.291238665580749512e-01,-1.483543962240219116e-01,-1.500084251165390015e-01,-1.389954984188079834e-01,-8.543106168508529663e-02
4.991028606891632080e-01,1.770142465829849243e-01,5.689812079071998596e-02,3.155979812145233154e-01,5.798934698104858398e-01,2.161564230918884277e-01,1.940559297800064087e-01,2.958622574806213379e-01,3.063929732888936996e-03,2.123785912990570068e-01,2.821804881095886230e-01,1.226132586598396301e-01,2.736744880676269531e-01,-3.552015125751495361e-02,6.049688160419464111e-02,1.061603352427482605e-01,2.297244369983673096e-01,3.475175201892852783e-01,4.213503003120422363e-01,-2.113845795392990112e-01
5.299147367477416992e-01,7.902696728706359863e-02,-5.085907876491546631e-02,1.382958143949508667e-01,5.837591886520385742e-01,2.244402468204498291e-01,2.066705673933029175e-01,2.970887124538421631e-01,-6.615883111953735352e-02,1.475020051002502441e-01,3.686624169349670410e-01,-1.979175582528114319e-02,3.113717138767242432e-01,-1.112179532647132874e-01,2.141679227352142334e-01,2.034142911434173584e-01,2.674291729927062988e-01,8.867152035236358643e-02,6.817346066236495972e-02,7.084222882986068726e-02
-1.904086023569107056e-01,2.440230548381805420e-01,5.823085084557533264e-02,-3.049158118665218353e-02,-1.912593990564346313e-01,-4.749507457017898560e-02,1.504811197519302368e-01,-2.826832234859466553e-02,1.819539517164230347e-01,-8.490148931741714478e-03,1.306742429733276367e-02,1.083179935812950134e-01,3.002688288688659668e-01,2.912786304950714111e-01,4.863904416561126709e-02,1.288160830736160278e-01,4.574053362011909485e-02,-7.351839542388916016e-02,6.812862306833267212e-02,1.947105973958969116e-01
-3.188859522342681885e-01,-3.053448162972927094e-02,9.578132629394531250e-02,-1.527941823005676270e-01,-2.879316210746765137e-01,1.286421865224838257e-01,-4.809177294373512268e-02,-8.248876780271530151e-02,1.330052018165588379e-01,5.483917519450187683e-02,7.848743349313735962e-03,-4.273692611604928970e-04,-7.311040163040161133e-02,3.723247051239013672e-01,-8.816267549991607666e-02,8.785878121852874756e-02,1.765710264444351196e-01,-1.037834212183952332e-01,-1.015649512410163879e-01,-4.012201912701129913e-03
6.543799638748168945e-01,3.520185649394989014e-01,-2.836010977625846863e-02,3.547058105468750000e-01,5.626330971717834473e-01,9.950125217437744141e-02,3.456664979457855225e-01,5.981974601745605469e-01,1.555756945163011551e-02,3.295327126979827881e-01,2.306469380855560303e-01,1.882048249244689941e-01,2.463600188493728638e-01,-1.106611359864473343e-02,3.538666963577270508e-01,1.417983770370483398e-01,1.525736600160598755e-01,3.747012317180633545e-01,2.610386013984680176e-01,1.250128000974655151e-01
-4.690898060798645020e-01,-6.123007088899612427e-02,5.529425665736198425e-02,-1.875394433736801147e-01,-4.433203935623168945e-01,-7.431659102439880371e-02,-5.547105520963668823e-02,-3.550805151462554932e-01,4.262415692210197449e-02,9.739656746387481689e-02,-1.133856102824211121e-01,-2.058282308280467987e-02,-1.822937428951263428e-01,2.275720834732055664e-01,-2.098279744386672974e-01,1.298568844795227051e-01,-1.019016057252883911e-01,-1.199228167533874512e-01,-6.450589001178741455e-02,-2.542229928076267242e-02
-1.809334568679332733e-02,1.987271606922149658e-01,9.543269127607345581e-02,1.917509436607360840e-01,-1.536663472652435303e-01,1.244334429502487183e-01,1.997806727886199951e-01,-1.781619526445865631e-02,1.431490927934646606e-01,3.041744977235794067e-02,-1.745612174272537231e-02,1.609733998775482178e-01,-2.283122949302196503e-02,1.726258099079132080e-01,1.170592084527015686e-01,8.393778651952743530e-02,-1.362017393112182617e-01,4.749564453959465027e-03,1.380327641963958740e-01,1.195409446954727173e-01
3.432589769363403320e-02,1.378677487373352051e-01,1.933808773756027222e-01,1.505919247865676880e-01,2.419805973768234253e-01,1.358780860900878906e-01,9.856073558330535889e-02,2.493843585252761841e-01,1.852039098739624023e-01,1.376136243343353271e-01,1.015697717666625977e-01,1.998004503548145294e-03,1.513848453760147095e-01,1.159539818763732910e-01,-7.244794815778732300e-02,-6.573287397623062134e-02,1.252131760120391846e-01,1.391270309686660767e-01,2.051306664943695068e-01,1.478281021118164062e-01
