-3.738333582878112793e-01,-6.076123118400573730e-01,-4.258460402488708496e-01,1.323531389236450195e+00,1.593977928161621094e+00,-4.442518651485443115e-01,-2.623496949672698975e-01,-3.931750655174255371e-01,-5.137100815773010254e-01,-4.215987920761108398e-01,-4.269337356090545654e-01,-6.081950664520263672e-01,-5.559670329093933105e-01,1.351667165756225586e+00,1.583958268165588379e+00,-4.369777441024780273e-01,-3.804010748863220215e-01,-3.699166774749755859e-01,-5.745325684547424316e-01,-4.013002216815948486e-01
-3.092963027954101562e+01,-3.093214797973632812e+01,-3.106168174743652344e+01,-4.807360458374023438e+01,-3.507545089721679688e+01,-3.100177192687988281e+01,-3.107344818115234375e+01,-3.083401489257812500e+01,-3.096636390686035156e+01,-3.074451065063476562e+01,-3.091222572326660156e+01,-3.079339599609375000e+01,-3.095451736450195312e+01,-3.792940521240234375e+01,4.268499374389648438e+00,-3.070897483825683594e+01,-3.089866065979003906e+01,-3.096582031250000000e+01,-3.099682998657226562e+01,-3.074663925170898438e+01
-9.417510032653808594e+00,-9.209779739379882812e+00,-9.198762893676757812e+00,-8.578311920166015625e+00,-7.407954692840576172e+00,-9.193501472473144531e+00,-9.349960327148437500e+00,-9.377000808715820312e+00,-9.273013114929199219e+00,-9.500667572021484375e+00,-9.334627151489257812e+00,-9.270763397216796875e+00,-9.194439888000488281e+00,-7.487252235412597656e+00,-7.645138263702392578e+00,-9.283193588256835938e+00,-9.367262840270996094e+00,-9.414362907409667969e+00,-9.229453086853027344e+00,-9.302289009094238281e+00
-2.994962692260742188e+01,-2.986749267578125000e+01,-3.022768783569335938e+01,-1.499879264831542969e+01,-3.831432342529296875e+01,-2.998773574829101562e+01,-2.994597625732421875e+01,-2.991603088378906250e+01,-2.982195854187011719e+01,-3.003402328491210938e+01,-2.993724441528320312e+01,-2.978044700622558594e+01,-2.996998405456542969e+01,-3.445257949829101562e+01,2.253746986389160156e+01,-2.988983917236328125e+01,-2.990879440307617188e+01,-2.978502655029296875e+01,-2.983362007141113281e+01,-3.012349700927734375e+01
-5.029541254043579102e-01,-3.954351842403411865e-01,-5.625501871109008789e-01,1.360414981842041016e+00,1.524166822433471680e+00,-5.035479664802551270e-01,-4.922083914279937744e-01,-3.348910808563232422e-01,-2.991697788238525391e-01,-3.180466294288635254e-01,-2.569384872913360596e-01,-4.493260979652404785e-01,-4.491186141967773438e-01,1.392287015914916992e+00,1.634604454040527344e+00,-4.697889685630798340e-01,-5.930026769638061523e-01,-5.104380846023559570e-01,-2.764117419719696045e-01,-4.404887855052947998e-01
-3.478380441665649414e-01,-3.835183680057525635e-01,-5.066595673561096191e-01,1.239068746566772461e+00,1.587362527847290039e+00,-4.718709290027618408e-01,-2.398259043693542480e-01,-2.437191903591156006e-01,-4.635961055755615234e-01,-3.194239139556884766e-01,-4.220571219921112061e-01,-3.383159637451171875e-01,-2.696026563644409180e-01,1.270722866058349609e+00,1.469426751136779785e+00,-6.391504406929016113e-01,-5.645574331283569336e-01,-5.180205106735229492e-01,-4.695863127708435059e-01,-5.100696086883544922e-01
-3.745293617248535156e-01,-5.404991507530212402e-01,-3.394454121589660645e-01,1.314085721969604492e+00,1.564017057418823242e+00,-3.714646399021148682e-01,-6.507972478866577148e-01,-4.495177865028381348e-01,-6.631175279617309570e-01,-4.602162241935729980e-01,-3.698125779628753662e-01,-1.702505499124526978e-01,-4.707549214363098145e-01,1.151050448417663574e+00,1.631456255912780762e+00,-1.354482620954513550e-01,-4.300452470779418945e-01,-4.327803850173950195e-01,-3.635094761848449707e-01,-3.210331499576568604e-01
-3.103756141662597656e+01,-3.089625549316406250e+01,-3.120354080200195312e+01,-3.298301315307617188e+01,-2.998596572875976562e+01,-3.107833671569824219e+01,-3.120931816101074219e+01,-3.114223861694335938e+01,-3.087929153442382812e+01,-3.089426040649414062e+01,-3.112446594238281250e+01,-3.108241271972656250e+01,-3.120943450927734375e+01,-3.171117401123046875e+01,-2.279940223693847656e+01,-3.115437889099121094e+01,-3.094220542907714844e+01,-3.087871551513671875e+01,-3.099490737915039062e+01,-3.108177947998046875e+01
-5.373308658599853516e-01,-4.096162021160125732e-01,-4.325606822967529297e-01,1.242991447448730469e+00,1.358357429504394531e+00,-3.341419994831085205e-01,-4.942556917667388916e-01,-5.380640625953674316e-01,-5.546482801437377930e-01,-5.133586525917053223e-01,-3.823664486408233643e-01,-3.370903730392456055e-01,-5.622013211250305176e-01,1.325585842132568359e+00,1.674692869186401367e+00,-4.873258471488952637e-01,-4.877747893333435059e-01,-3.978812098503112793e-01,-5.202293992042541504e-01,-5.837915539741516113e-01
-3.105352401733398438e+01,-3.117037200927734375e+01,-3.099691200256347656e+01,-7.817133903503417969e+00,-3.024280357360839844e+01,-3.108083534240722656e+01,-3.097022819519042969e+01,-3.103369140625000000e+01,-3.097889328002929688e+01,-3.086953544616699219e+01,-3.082320976257324219e+01,-3.097034835815429688e+01,-3.081496620178222656e+01,-2.892163276672363281e+01,-3.078327369689941406e+01,-3.109251976013183594e+01,-3.086278533935546875e+01,-3.089638137817382812e+01,-3.083369064331054688e+01,-3.092208290100097656e+01
-3.186315298080444336e-01,-5.671834349632263184e-01,-4.235621690750122070e-01,1.301495194435119629e+00,1.534557938575744629e+00,-4.350022971630096436e-01,-4.735050499439239502e-01,-5.000000000000000000e-01,-3.395744562149047852e-01,-5.636854767799377441e-01,-5.895805358886718750e-01,-5.443862080574035645e-01,-4.912271499633789062e-01,1.101631641387939453e+00,1.579957842826843262e+00,-5.000000000000000000e-01,-4.486824274063110352e-01,-4.097646474838256836e-01,-5.323829054832458496e-01,-2.522767782211303711e-01
-4.852387905120849609e-01,-5.311424136161804199e-01,-3.372905552387237549e-01,1.206648707389831543e+00,1.616117715835571289e+00,-5.688017010688781738e-01,-4.258380830287933350e-01,-5.142500996589660645e-01,-3.271666169166564941e-01,-4.764273166656494141e-01,-5.373919010162353516e-01,-4.918021559715270996e-01,-3.796800971031188965e-01,1.264986634254455566e+00,1.783079743385314941e+00,-3.951300382614135742e-01,-4.221433401107788086e-01,-3.824216723442077637e-01,-4.231566190719604492e-01,-3.655469119548797607e-01
-5.261259078979492188e-01,-4.941273629665374756e-01,-5.383065342903137207e-01,1.348184347152709961e+00,1.526790976524353027e+00,-5.168520808219909668e-01,-4.265603125095367432e-01,-3.009184002876281738e-01,-4.640927314758300781e-01,-5.800554156303405762e-01,-6.095159053802490234e-01,-3.171496987342834473e-01,-5.085528492927551270e-01,1.206938505172729492e+00,1.673274993896484375e+00,-2.890151739120483398e-01,-3.282121419906616211e-01,-4.391693472862243652e-01,-3.376122117042541504e-01,-4.970287382602691650e-01
-3.519541621208190918e-01,-4.945250451564788818e-01,-4.871432185173034668e-01,1.284647703170776367e+00,1.546738862991333008e+00,-5.586158037185668945e-01,-1.849106550216674805e-01,-5.000000000000000000e-01,-4.337086677551269531e-01,-4.826822876930236816e-01,-4.827659428119659424e-01,-3.688998818397521973e-01,-5.886207222938537598e-01,1.362171411514282227e+00,1.507069826126098633e+00,-4.241538047790527344e-01,-4.561031460762023926e-01,-4.547748565673828125e-01,-5.221453309059143066e-01,-2.993435561656951904e-01
-3.045346736907958984e-01,-3.178549706935882568e-01,-4.019715785980224609e-01,1.480827569961547852e+00,1.653434038162231445e+00,-2.524726688861846924e-01,-5.664781928062438965e-01,-5.539244413375854492e-01,-4.807370901107788086e-01,-1.691401749849319458e-01,-4.632737934589385986e-01,-3.855711221694946289e-01,-4.324525594711303711e-01,1.438044309616088867e+00,1.653463244438171387e+00,-4.187752604484558105e-01,-5.102221369743347168e-01,-4.300153851509094238e-01,-4.782126545906066895e-01,-3.301288187503814697e-01
-3.963295817375183105e-01,-5.198288559913635254e-01,-5.562946796417236328e-01,1.299641609191894531e+00,1.561412334442138672e+00,-5.306424498558044434e-01,-6.161019802093505859e-01,-3.425257205963134766e-01,-3.061917424201965332e-01,-5.507935881614685059e-01,-4.277147352695465088e-01,-6.413598060607910156e-01,-3.762844800949096680e-01,1.312047481536865234e+00,1.465837955474853516e+00,-4.187575578689575195e-01,-5.133888721466064453e-01,-4.238623976707458496e-01,-3.521599173545837402e-01,-4.200576245784759521e-01
-4.001120328903198242e-01,-4.717205464839935303e-01,-4.124461412429809570e-01,1.424219846725463867e+00,1.704512596130371094e+00,-3.678443729877471924e-01,-3.273273408412933350e-01,-4.146571755409240723e-01,-3.928668498992919922e-01,-3.865240812301635742e-01,-4.404012858867645264e-01,-4.759305119514465332e-01,-5.562716126441955566e-01,1.291748762130737305e+00,1.663886666297912598e+00,-4.377461075782775879e-01,-2.579488158226013184e-01,-6.029331684112548828e-01,-4.548545479774475098e-01,-5.407522320747375488e-01
-4.708500504493713379e-01,-3.603311479091644287e-01,-4.202001690864562988e-01,1.443685770034790039e+00,1.393539667129516602e+00,-5.385432243347167969e-01,-5.178058743476867676e-01,-4.309332370758056641e-01,-5.221056938171386719e-01,-4.811215400695800781e-01,-5.156674385070800781e-01,-6.398916244506835938e-01,-4.112710952758789062e-01,1.300977468490600586e+00,1.711788415908813477e+00,-4.031444787979125977e-01,-2.197372764348983765e-01,-4.043498039245605469e-01,-3.820458054542541504e-01,-3.961400091648101807e-01
-4.676261544227600098e-01,-3.311007618904113770e-01,-3.626003861427307129e-01,1.278180122375488281e+00,1.414846420288085938e+00,-2.890930473804473877e-01,-3.935771286487579346e-01,-4.897733032703399658e-01,-4.258753657341003418e-01,-3.475859165191650391e-01,-5.856116414070129395e-01,-4.713440835475921631e-01,-5.291059017181396484e-01,1.557321190834045410e+00,1.804171800613403320e+00,-4.603160619735717773e-01,-5.612797141075134277e-01,-3.346534371376037598e-01,-4.866274893283843994e-01,-4.662206172943115234e-01
-3.721343278884887695e-01,-4.638321697711944580e-01,-4.011917710304260254e-01,1.295202374458312988e+00,1.598080635070800781e+00,-2.235511839389801025e-01,-4.595895707607269287e-01,-1.748335361480712891e-01,-4.392436146736145020e-01,-5.046412348747253418e-01,-3.238835036754608154e-01,-4.197739362716674805e-01,-3.971164226531982422e-01,1.324704170227050781e+00,1.698194622993469238e+00,-2.568364143371582031e-01,-5.103216171264648438e-01,-4.025233983993530273e-01,-5.329771637916564941e-01,-3.463993370532989502e-01
