15443.2348633
15042.3129883
14723.1445312
14440.2675781
14178.1196289
13929.2138672
13689.3393555
13455.9003906
13227.2067871
13002.125
12779.8869629
12559.9760742
12342.0407715
12125.855957
11911.2700195
11698.1801758
11486.5146484
11276.2211914
11067.2819824
10859.713623
10653.5688477
10448.9216309
10245.8640137
10044.5078125
9844.98510742
9647.43847656
9452.01904297
9258.8828125
9068.18896484
8880.09643555
8694.76782227
8512.37182617
8333.07861328
8157.06079102
7984.48535156
7815.51464844
7650.31054688
7489.02783203
7331.81420898
7178.79882812
7030.09643555
6885.80126953
6745.98413086
6610.69458008
6479.95727539
6353.78051758
6232.1451416
6115.01660156
6002.34118652
5894.05200195
5790.07458496
5690.32141113
5594.70776367
5503.15087891
5415.57141113
5331.89257812
5252.04663086
5175.96362305
5103.57299805
5034.8059082
4969.5880127
4907.84106445
4849.48693848
4794.43737793
4742.60339355
4693.88891602
4648.19274902
4605.41113281
4565.43334961
4528.14868164
4493.44091797
4461.19421387
4431.29467773
4403.63122559
4378.09191895
4354.56994629
4332.9621582
4313.16589355
4295.08312988
4278.61730957
4263.67529297
4250.16503906
4237.9942627
4227.07531738
4217.31970215
4208.64086914
4200.95349121
4194.17614746
4188.22937012
4183.03845215
4178.53308105
4174.64489746
4171.31335449
4168.47973633
4166.08776855
4164.08544922
4162.42138672
4161.04833984
4159.9230957
4159.0065918
4158.26159668
4157.6583252
4157.17004395
4156.77319336
4156.45031738
4156.18554688
4155.96630859
4155.78234863
4155.62561035
4155.49084473
4155.37207031
4155.26635742
4155.16943359
4155.08044434
4154.99609375
4154.91638184
4154.83837891
4154.76342773
4154.68908691
4154.61572266
4154.54296875
4154.4708252
4154.39733887
4154.32458496
4154.25061035
4154.17700195
4154.10253906
4154.02734375
4153.9510498
4153.87475586
4153.79760742
4153.71911621
4153.64038086
4153.56079102
4153.47998047
4153.39819336
4153.31640625
4153.2331543
4153.14904785
4153.0645752
4152.97900391
4152.89208984
4152.80480957
4152.7166748
4152.62744141
4152.53771973
4152.44689941
4152.35571289
4152.26245117
4152.16943359
4152.0748291
4151.97973633
4151.88366699
4151.78723145
4151.68896484
4151.59143066
4151.49108887
4151.39074707
4151.2890625
4151.18688965
4151.08422852
4150.98034668
4150.87585449
4150.77001953
4150.66296387
4150.55541992
4150.44714355
4150.33752441
4150.22692871
4150.11584473
4150.00305176
4149.88952637
4149.7755127
4149.66015625
4149.54394531
4149.42651367
4149.30822754
4149.18884277
4149.06762695
4148.9465332
4148.82385254
4148.70007324
4148.57556152
4148.44958496
4148.32250977
4148.19433594
4148.06518555
4147.93530273
4147.80297852
4147.67053223
4147.53662109
4147.40161133
4147.26538086
4147.12756348
4146.98901367
4146.84936523
4146.70812988
4146.56494141
4146.42163086
4146.27624512
4146.12963867
4145.98156738
4145.83239746
4145.68225098
4145.53039551
4145.37683105
4145.2220459
4145.0657959
4144.9083252
4144.74938965
4144.58813477
4144.42700195
4144.26306152
4144.09777832
4143.93164062
4143.76245117
4143.59326172
4143.42236328
4143.24926758
4143.0748291
4142.89868164
4142.72106934
4142.54187012
4142.3605957
4142.17785645
4141.99316406
4141.80725098
4141.61975098
4141.43005371
4141.23852539
4141.04516602
4140.85058594
4140.65393066
4140.45617676
4140.25549316
4140.05419922
4139.84973145
4139.64428711
4139.43652344
4139.22729492
4139.01586914
4138.80285645
4138.58752441
4138.37084961
4138.15222168
4137.93127441
4137.70874023
4137.48413086
4137.25732422
4137.02941895
4136.79882812
4136.56652832
4136.33178711
4136.09619141
4135.85778809
4135.61779785
4135.37585449
4135.13146973
4134.8848877
4134.6373291
4134.38684082
4134.13439941
4133.88085938
4133.62475586
4133.36669922
4133.1060791
4132.84399414
4132.5802002
4132.3137207
4132.04528809
4131.77563477
4131.50341797
4131.22900391
4130.95275879
4130.67492676
4130.39440918
4130.11254883
4129.82751465
4129.54199219
4129.25366211
4128.96362305
4128.67175293
4128.37817383
4128.08129883
4127.78344727
4127.48364258
4127.18127441
4126.87780762
4126.57189941
4126.26416016
4125.95446777
4125.64294434
4125.32983398
4125.01403809
4124.69702148
4124.37695312
4124.0559082
4123.73291016
4123.40808105
4123.08117676
4122.75341797
4122.42236328
4122.09033203
4121.75598145
4121.4197998
4121.08203125
4120.74194336
4120.40100098
4120.05810547
4119.71276855
4119.36621094
4119.01782227
4118.66748047
4118.31518555
4117.96154785
4117.60595703
4117.24902344
4116.88989258
4116.52929688
4116.16723633
4115.80297852
4115.43713379
4115.06994629
4114.70129395
4114.33007812
4113.95837402
4113.58435059
4113.20837402
4112.83154297
4112.45239258
4112.07189941
4111.69042969
4111.30712891
4110.92175293
4110.53540039
4110.14697266
4109.75695801
4109.36584473
4108.97314453
4108.57861328
4108.18225098
4107.78564453
4107.38659668
4106.98608398
4106.58422852
4106.18054199
4105.77587891
4105.36914062
4104.96105957
4104.55175781
4104.14099121
4103.72900391
4103.31494141
4102.90014648
4102.48364258
4102.06555176
4101.64587402
4101.22497559
4100.80273438
4100.37878418
4099.95349121
4099.52685547
4099.0982666
4098.66918945
4098.23815918
4097.80541992
4097.37121582
4096.93603516
4096.49902344
4096.06066895
4095.62145996
4095.17919922
4094.73706055
4094.29248047
4093.84655762
4093.39941406
4092.9510498
4092.50097656
4092.04931641
4091.59643555
4091.1418457
4090.68505859
4090.22753906
4089.76843262
4089.30761719
4088.84570312
4088.3815918
4087.91638184
4087.44946289
4086.98010254
4086.5111084
4086.03942871
4085.56616211
4085.09082031
4084.61462402
4084.13598633
4083.65661621
4083.1751709
4082.69274902
4082.20776367
4081.72192383
4081.23400879
4080.74523926
4080.25378418
4079.76184082
4079.26733398
4078.77087402
4078.27355957
4077.7746582
4077.27319336
4076.77075195
4076.26623535
4075.76013184
4075.25280762
4074.74401855
4074.23327637
4073.7208252
4073.20629883
4072.69055176
4072.1730957
4071.65429688
4071.13330078
4070.61108398
4070.08752441
4069.56115723
4069.03466797
4068.50524902
4067.97497559
4067.44299316
4066.90881348
4066.37402344
4065.83666992
4065.29846191
4064.75732422
4064.21582031
4063.67211914
4063.12719727
4062.58044434
4062.0324707
4061.4822998
4060.93103027
4060.37768555
4059.82312012
4059.26721191
4058.70874023
4058.14978027
4057.58898926
4057.02648926
4056.46276855
4055.89709473
4055.32946777
4054.76098633
4054.19018555
4053.6184082
4053.04528809
4052.47033691
4051.89416504
4051.31616211
4050.73681641
4050.15576172
4049.57324219
4048.98937988
4048.40332031
4047.81628418
4047.22766113
4046.63757324
4046.04541016
4045.45239258
4044.85766602
4044.26159668
4043.66381836
4043.06420898
4042.46350098
4041.86083984
4041.25720215
4040.65197754
4040.04455566
4039.43566895
4038.8260498
4038.21459961
4037.60131836
4036.98706055
4036.37072754
4035.75317383
4035.13378906
4034.51281738
4033.89099121
4033.26708984
4032.64208984
4032.01477051
4031.38647461
4030.75610352
4030.12487793
4029.4921875
4028.85766602
4028.22143555
4027.58410645
4026.94470215
4026.30395508
4025.66174316
4025.01794434
4024.37329102
4023.72619629
4023.07727051
4022.42834473
4021.77648926
4021.12365723
4020.46887207
4019.81286621
4019.15551758
4018.49621582
4017.83557129
4017.17333984
4016.50964355
4015.84399414
4015.17700195
4014.50939941
4013.83898926
4013.16711426
4012.49499512
4011.81982422
4011.14404297
4010.46606445
4009.7869873
4009.10644531
4008.42382812
4007.7401123
4007.05419922
4006.36755371
4005.6796875
4004.98864746
4004.2980957
4003.60461426
4002.91027832
4002.21459961
4001.51721191
4000.8182373
4000.11767578
3999.41552734
3998.71191406
3998.00708008
3997.30090332
3996.59289551
3995.88317871
3995.17248535
3994.46057129
3993.74621582
3993.03137207
3992.3145752
3991.59643555
3990.87719727
3990.15673828
3989.4342041
3988.71044922
3987.98571777
3987.25891113
3986.53088379
3985.80249023
3985.07092285
3984.33935547
3983.6060791
3982.87194824
3982.13586426
3981.39880371
3980.66015625
3979.92053223
3979.17956543
3978.43725586
3977.69348145
3976.94921875
3976.20263672
3975.45568848
3974.70739746
3973.9576416
3973.20703125
3972.45495605
3971.70178223
3970.9473877
3970.1920166
3969.43518066
3968.67736816
3967.91894531
3967.15881348
3966.39819336
3965.63623047
3964.87329102
3964.10900879
3963.34375
3962.57763672
3961.81079102
3961.04199219
3960.27331543
3959.5032959
3958.73205566
3957.96008301
3957.18664551
3956.41333008
3955.63818359
3954.86303711
3954.08642578
3953.30895996
3952.53076172
3951.75231934
3950.97180176
3950.19165039
3949.41003418
3948.62768555
3947.8449707
3947.06103516
3946.27648926
3945.49084473
3944.70507812
3943.91870117
3943.13146973
3942.34313965
3941.55407715
3940.76525879
3939.97521973
3939.18432617
3938.39294434
3937.60083008
3936.80871582
3936.01574707
3935.22180176
3934.42773438
3933.63293457
3932.83813477
3932.04138184
3931.24572754
3930.44873047
3929.65087891
3928.8527832
3928.05444336
3927.25500488
3926.45568848
3925.65588379
3924.85559082
3924.05419922
3923.25341797
3922.4510498
3921.64904785
3920.84667969
3920.04272461
3919.23913574
3918.43530273
3917.63037109
3916.82666016
3916.02099609
3915.21472168
3914.40856934
3913.60241699
3912.79541016
3911.98791504
3911.18005371
3910.37182617
3909.56323242
3908.75512695
3907.94555664
3907.13549805
3906.32556152
3905.51525879
3904.70397949
3903.8927002
3903.08093262
3902.26928711
3901.45605469
3900.64343262
3899.82958984
3899.01635742
3898.2019043
3897.38745117
3896.57263184
3895.7565918
3894.94067383
3894.12402344
3893.30761719
3892.48986816
3891.67260742
3890.85351562
3890.03479004
3889.21594238
3888.39587402
3887.57507324
3886.75390625
3885.93261719
3885.11035156
3884.28747559
3883.46411133
3882.64013672
3881.81591797
3880.99072266
3880.16479492
3879.33837891
3878.51147461
3877.68359375
3876.85522461
3876.02600098
3875.19555664
3874.36560059
3873.53356934
3872.70178223
3871.8684082
3871.03491211
3870.20019531
3869.36450195
3868.52832031
3867.69140625
3866.85351562
3866.01464844
3865.17468262
3864.33398438
3863.49169922
3862.64941406
3861.80554199
3860.96105957
3860.11523438
3859.26867676
3858.42102051
3857.57177734
3856.72167969
3855.87109375
3855.01965332
3854.16601562
3853.31188965
3852.45654297
3851.59960938
3850.74279785
3849.88330078
3849.02307129
3848.16162109
3847.29833984
3846.43432617
3845.56860352
3844.7019043
3843.83374023
3842.96386719
3842.09265137
3841.21984863
3840.3458252
3839.47058105
3838.59313965
3837.71447754
3836.83435059
3835.95251465
3835.06921387
3834.1842041
3833.296875
3832.40905762
3831.51879883
3830.6270752
3829.73327637
3828.83850098
3827.94116211
3827.04248047
3826.1418457
3825.23937988
3824.33508301
3823.42883301
3822.52087402
3821.61108398
3820.69946289
3819.78515625
3818.86999512
3817.95239258
3817.03259277
3816.11083984
3815.18725586
3814.26171875
3813.33398438
3812.40478516
3811.47290039
3810.53930664
3809.60314941
3808.66564941
3807.72595215
3806.78393555
3805.83959961
3804.89331055
3803.94494629
3802.99438477
3802.04199219
3801.08679199
3800.12988281
3799.17102051
3798.2097168
3797.2467041
3796.28088379
3795.31323242
3794.34326172
3793.37133789
3792.3963623
3791.42028809
3790.44189453
3789.46069336
3788.47766113
3787.49206543
3786.5045166
3785.51477051
3784.52307129
3783.52832031
3782.53198242
3781.53356934
3780.53308105
3779.52941895
3778.5246582
3777.51721191
3776.50720215
3775.49597168
3774.48181152
3773.4654541
3772.44677734
3771.42675781
3770.4041748
3769.37890625
3768.35192871
3767.32287598
3766.29162598
3765.25769043
3764.22241211
3763.18408203
3762.14489746
3761.10180664
3760.05688477
3759.01086426
3757.96252441
3756.91186523
3755.85864258
3754.80322266
3753.74572754
3752.68615723
3751.62463379
3750.56054688
3749.49438477
3748.42578125
3747.35522461
3746.28222656
3745.20690918
3744.12915039
3743.04956055
3741.96704102
3740.8828125
3739.79589844
3738.7064209
3737.6151123
3736.52099609
3735.42407227
3734.32543945
3733.22363281
3732.12023926
3731.0135498
3729.90454102
3728.79284668
3727.67907715
3726.56176758
3725.44274902
3724.32055664
3723.19592285
3722.06811523
3720.93823242
3719.80517578
3718.66931152
3717.53051758
3716.38916016
3715.24499512
3714.09729004
3712.94628906
3711.79296875
3710.63671875
3709.47741699
3708.31469727
3707.14868164
3705.97961426
3704.80725098
3703.6315918
3702.45275879
3701.27050781
3700.08435059
3698.89526367
3697.70263672
3696.50610352
3695.30615234
3694.10217285
3692.89416504
3691.68383789
3690.46826172
3689.24951172
3688.0267334
3686.79931641
3685.5682373
3684.33312988
3683.09338379
3681.85009766
3680.60192871
3679.34936523
3678.09265137
3676.83117676
3675.56506348
3674.2947998
3673.01916504
3671.7388916
3670.45397949
3669.16357422
3667.86853027
3666.56945801
3665.26367188
3663.953125
3662.6373291
3661.31604004
3659.98925781
3658.65698242
3657.3190918
3655.97570801
3654.62634277
3653.2713623
3651.90979004
3650.54284668
3649.16918945
3647.78942871
3646.4041748
3645.01123047
3643.61303711
3642.20812988
3640.79577637
3639.3770752
3637.95227051
3636.5201416
3635.08068848
3633.63476562
3632.18164062
3630.72094727
3629.25317383
3627.77819824
3626.29589844
3624.80554199
3623.30761719
3621.80236816
3620.2890625
3618.76794434
3617.23986816
3615.70251465
3614.1574707
3612.60424805
3611.04284668
3609.47265625
3607.89440918
3606.30737305
3604.71191406
3603.10791016
3601.49487305
3599.87304688
3598.24267578
3596.60327148
3594.95471191
3593.29736328
3591.6307373
3589.95495605
3588.26928711
3586.57458496
3584.87072754
3583.1574707
3581.4342041
3579.70166016
3577.9597168
3576.20715332
3574.44494629
3572.67370605
3570.89208984
3569.1003418
3567.29870605
3565.48681641
3563.66516113
3561.83312988
3559.99047852
3558.13867188
3556.27600098
3554.40270996
3552.51977539
3550.62548828
3548.72131348
3546.80688477
3544.88110352
3542.94543457
3540.99914551
3539.04199219
3537.07434082
3535.09533691
3533.10571289
3531.10571289
3529.09448242
3527.07263184
3525.03955078
3522.99560547
3520.94030762
3518.87438965
3516.79675293
3514.70825195
3512.60876465
3510.4979248
3508.37573242
3506.24169922
3504.09765625
3501.94152832
3499.77453613
3497.5958252
3495.40551758
3493.2043457
3490.99121094
3488.76708984
3486.53125
3484.28405762
3482.02563477
3479.75561523
3477.47412109
3475.18078613
3472.8762207
3470.55957031
3468.23132324
3465.89196777
3463.54101562
3461.17785645
3458.80371094
3456.41711426
3454.01928711
3451.60925293
3449.1875
3446.75439453
3444.30908203
3441.85205078
3439.38305664
3436.90234375
3434.40966797
3431.90466309
3429.38781738
3426.85913086
3424.31872559
3421.76599121
3419.20080566
3416.62426758
3414.03527832
3411.43395996
3408.82049561
3406.19476318
3403.5569458
3400.90753174
3398.24475098
3395.57073975
3392.8840332
3390.18426514
3387.47283936
3384.74963379
3382.01348877
3379.26513672
3376.5045166
3373.73138428
3370.94622803
3368.1484375
3365.33813477
3362.51525879
3359.68041992
3356.83209229
3353.97277832
3351.10058594
3348.21588135
3345.31774902
3342.4083252
3339.48571777
3336.55145264
3333.60375977
3330.64416504
3327.67218018
3324.68737793
3321.68969727
3318.68017578
3315.65820312
3312.62322998
3309.5758667
3306.51617432
3303.44342041
3300.3583374
3297.26098633
3294.1506958
3291.0279541
3287.89318848
3284.74572754
3281.58544922
3278.41278076
3275.22717285
3272.02929688
3268.81854248
3265.59576416
3262.35980225
3259.11181641
3255.85064697
3252.57745361
3249.29156494
3245.99230957
3242.68084717
3239.35668945
3236.01989746
3232.66998291
3229.30780029
3225.93243408
3222.54467773
3219.14398193
3215.73010254
3212.30291748
3208.8637085
3205.41101074
3201.94543457
3198.46728516
3194.97558594
3191.47058105
3187.95300293
3184.42169189
3180.87701416
3177.31939697
3173.74835205
3170.16400146
3166.56604004
3162.95483398
3159.32977295
3155.69122314
3152.03948975
3148.37426758
3144.69500732
3141.00189209
3137.29541016
3133.57525635
3129.84039307
3126.09289551
3122.33007812
3118.55413818
3114.76403809
3110.96014404
3107.14123535
3103.30853271
3099.46136475
3095.60064697
3091.72503662
3087.83520508
3083.93078613
3080.01202393
3076.07891846
3072.1307373
3068.16784668
3064.190979
3060.19848633
3056.19165039
3052.1696167
3048.13299561
3044.08148193
3040.01501465
3035.93341064
3031.83642578
3027.72454834
3023.597229
3019.45477295
3015.29669189
3011.12371826
3006.93499756
3002.73083496
2998.51098633
2994.27606201
2990.02496338
2985.75878906
2981.47631836
2977.17834473
2972.86456299
2968.53479004
2964.18945312
2959.828125
2955.45068359
2951.05731201
2946.64752197
2942.2220459
2937.78015137
2933.3223877
2928.84851074
2924.35809326
2919.85107422
2915.32849121
2910.78894043
2906.23358154
2901.66168213
2897.07348633
2892.46844482
2887.84729004
2883.20904541
2878.55529785
2873.88409424
2869.1965332
2864.49273682
2859.77209473
2855.03485107
2850.28094482
2845.51037598
2840.72314453
2835.91925049
2831.09899902
2826.26196289
2821.40820312
2816.53808594
2811.65100098
2806.74700928
2801.82666016
2796.88903809
2791.9352417
2786.9644165
2781.97698975
2776.97296143
2771.95184326
2766.91387939
2761.85888672
2756.78735352
2751.69873047
2746.59344482
2741.47076416
2736.33129883
2731.17437744
2726.00006104
2720.80914307
2715.59985352
2710.37359619
2705.12945557
2699.86749268
2694.58795166
2689.2902832
2683.97467041
2678.64086914
2673.28887939
2667.91864014
2662.52996826
2657.12255859
2651.69708252
2646.25250244
2640.78955078
2635.30712891
2629.8059082
2624.28594971
2618.74707031
2613.1885376
2607.61090088
2602.01391602
2596.39782715
2590.76196289
2585.1072998
2579.43249512
2573.73815918
2568.02459717
2562.29125977
2556.53839111
2550.76550293
2544.97302246
2539.16119385
2533.32952881
2527.47808838
2521.60736084
2515.71697998
2509.80688477
2503.87780762
2497.9286499
2491.96087646
2485.9730835
2479.96673584
2473.940979
2467.89593506
2461.83197021
2455.74841309
2449.64660645
2443.52532959
2437.38464355
2431.22589111
2425.04833984
2418.85198975
2412.6373291
2406.4041748
2400.15289307
2393.88391113
2387.59698486
2381.29260254
2374.97058105
2368.6315918
2362.27526855
2355.90228271
2349.51269531
2343.10687256
2336.68457031
2330.24639893
2323.79260254
2317.32324219
2310.83880615
2304.33959961
2297.82525635
2291.29644775
2284.75372314
2278.19708252
2271.62670898
2265.043396
2258.44628906
2251.83740234
2245.21539307
2238.58105469
2231.93511963
2225.27734375
2218.60827637
2211.92779541
2205.23699951
2198.53533936
2191.82409668
2185.10284424
2178.37213135
2171.63269043
2164.88470459
2158.12854004
2151.36474609
2144.59313965
2137.81524658
2131.03063965
2124.23962402
2117.44274902
2110.64044189
2103.83306885
2097.02081299
2090.20404053
2083.38275146
2076.55834961
2069.72967529
2062.8984375
2056.06433105
2049.22723389
2042.38842773
2035.54754639
2028.70513916
2021.86218262
2015.01843262
2008.17462158
2001.33123779
1994.48779297
1987.64550781
1980.80505371
1973.96569824
1967.12878418
1960.29394531
1953.46203613
1946.63293457
1939.80700684
1932.98474121
1926.1661377
1919.35144043
1912.5411377
1905.73529053
1898.93408203
1892.13830566
1885.34729004
1878.56219482
1871.78234863
1865.00854492
1858.24102783
1851.47930908
1844.7244873
1837.97607422
1831.23516846
1824.5012207
1817.77539062
1811.05712891
1804.34777832
1797.64715576
1790.95568848
1784.27368164
1777.60247803
1770.94177246
1764.2925415
1757.65490723
1751.03015137
1744.41784668
1737.81988525
1731.23577881
1724.66680908
1718.11309814
1711.5760498
1705.05578613
1698.55316162
1692.0690918
1685.6038208
1679.15856934
1672.73382568
1666.3302002
1659.94848633
1653.58996582
1647.25469971
1640.94378662
1634.65808105
1628.39837646
1622.1652832
1615.9597168
1609.7822876
1603.6338501
1597.51489258
1591.42651367
1585.36883545
1579.34301758
1573.34957886
1567.38861084
1561.46096802
1555.56735229
1549.70779419
1543.88327026
1538.09344482
1532.3392334
1526.62036133
1520.93743896
1515.29098511
1509.68069458
1504.10693359
1498.57037354
1493.07064819
1487.60784912
1482.18255615
1476.79449463
1471.44393921
1466.13095093
1460.85549927
1455.6177063
1450.41757202
1445.25479126
1440.12969971
1435.04205322
1429.99212646
1424.97958374
1420.00454712
1415.06741333
1410.16812134
1405.30657959
1400.4836731
1395.69940186
1390.95410156
1386.24868774
1381.58291626
1376.95736694
1372.37200928
1367.82653809
1363.32064819
1358.85412598
1354.42706299
1350.03878784
1345.68908691
1341.37799072
1337.10467529
1332.86932373
1328.67144775
1324.51071167
1320.38671875
1316.29946899
1312.24856567
1308.23400879
1304.25524902
1300.31225586
1296.40524292
1292.53378296
1288.69812012
1284.89816284
1281.13375854
1277.40505981
1273.71200562
1270.05462646
1266.43283081
1262.84677124
1259.29650879
1255.78189087
1252.30291748
1248.85952759
1245.45166016
1242.07946777
1238.7427063
1235.44146729
1232.17553711
1228.94494629
1225.74917603
1222.58856201
1219.46276855
1216.37158203
1213.31488037
1210.29260254
1207.30429077
1204.349823
1201.42886353
1198.54187012
1195.68759155
1192.86657715
1190.07867432
1187.32351685
1184.60134888
1181.91229248
1179.25653076
1176.63394165
1174.04489136
1171.48901367
1168.96539307
1166.47381592
1164.01397705
1161.58511353
1159.18685913
1156.81930542
1154.4815979
1152.17333984
1149.89425659
1147.64373779
1145.42123413
1143.22610474
1141.05834961
1138.91693115
1136.80163574
1134.71191406
1132.64755249
1130.60748291
1128.59194946
1126.60037231
1124.63189697
1122.68655396
1120.76327515
1118.86181641
1116.98220825
1115.1232605
1113.28457642
1111.46557617
1109.66644287
1107.88555908
1106.12307739
1104.37826538
1102.65078735
1100.93994141
1099.24539185
1097.56628418
1095.9024353
1094.25308228
1092.61795044
1090.99645996
1089.38806152
1087.79238892
1086.20870972
1084.63677979
1083.07617188
1081.5262146
1079.98657227
1078.45681763
1076.93618774
1075.42468262
1073.92138672
1072.42617798
1070.93841553
1069.45794678
1067.98422241
1066.51699829
1065.05581665
1063.60009766
1062.14968872
1060.7043457
1059.26324463
1057.82650757
1056.39346313
1054.96380615
1053.53741455
1052.11380005
1050.69256592
1049.27334595
1047.85598755
1046.43984985
1045.02490234
1043.61071777
1042.19720459
1040.78329468
1039.36968994
1037.95556641
1036.54034424
1035.1242981
1033.70684814
1032.28775024
1030.8666687
1029.4432373
1028.01766968
1026.58892822
1025.15768433
1023.72302246
1022.28482056
1020.84292603
1019.39700317
1017.94717407
1016.49285889
1015.03390503
1013.56994629
1012.10137939
1010.6272583
1009.14770508
1007.66235352
1006.17141724
1004.67446899
1003.17108154
1001.66162109
1000.14517212
998.6222229
997.091400146
995.565917969
994.006286621
992.466522217
990.888793945
989.326507568
987.742523193
986.158538818
984.558380127
982.960296631
981.33581543
979.734039307
978.07522583
976.451080322
974.782897949
973.131530762
971.448974609
969.778686523
968.070922852
966.386383057
964.651123047
962.943664551
961.190917969
959.458404541
957.686004639
955.93258667
954.134063721
952.360229492
950.537261963
948.738769531
946.89453125
945.071166992
943.203491211
941.357269287
939.463531494
937.59362793
935.675140381
933.779663086
931.837219238
929.916442871
927.948669434
926.003082275
924.009216309
922.037872314
920.01864624
918.021240234
915.976348877
913.952911377
911.88168335
909.832336426
907.734710693
905.659179688
903.535461426
901.433380127
899.28326416
897.155029297
894.978607178
892.824035645
890.621307373
888.440643311
886.211853027
884.004943848
881.750396729
879.517272949
877.237030029
874.978515625
872.672698975
870.388580322
868.057617188
865.748596191
863.392700195
861.058868408
858.678497314
856.320373535
853.916107178
851.534057617
849.106170654
846.700897217
844.249786377
841.821746826
839.347991943
836.897674561
834.401947021
831.929992676
829.412841797
826.91998291
824.381622314
821.868408203
819.310028076
816.777069092
814.198730469
811.647064209
809.049530029
806.479827881
803.863922119
801.276657104
798.64302063
796.039199829
793.388397217
790.769012451
788.101654053
785.467391968
782.784347534
780.136169434
777.438247681
774.776947021
772.065155029
769.391830444
766.666656494
763.982269287
761.244903564
758.550292969
755.801696777
753.097946167
750.338684082
747.627365112
744.858459473
742.140151978
739.363113403
736.639038086
733.854766846
731.126083374
728.335617065
725.603393555
722.808227539
720.073394775
717.27432251
714.538253784
711.736480713
709.000259399
706.197113037
703.461807251
700.65814209
697.925003052
695.122039795
692.39239502
689.591201782
686.865982056
684.067611694
681.34815979
678.553436279
675.841156006
673.050720215
670.347091675
667.561813354
664.868606567
662.088500977
659.408096313
656.632629395
653.968826294
651.196014404
648.555343628
645.78074646
643.172790527
640.390472412
637.817504883
635.033004761
632.477462769
629.712402344
627.157699585
624.423339844
621.868621826
619.161407471
616.613861084
613.928115845
611.394271851
608.72644043
606.208572388
603.558883667
601.05607605
598.425247192
595.938674927
593.325332642
590.855651855
588.259536743
585.806610107
583.228302002
580.792129517
578.231521606
575.812454224
573.26914978
570.866989136
568.341491699
565.956039429
563.448181152
561.079650879
558.589279175
556.237548828
553.764724731
551.429901123
548.974655151
546.656463623
544.218841553
541.917648315
539.497573853
537.213165283
534.810852051
532.543121338
530.158737183
527.907745361
525.541046143
523.306777954
520.957794189
518.740356445
516.409057617
514.208190918
511.894714355
509.710418701
507.414489746
505.246734619
502.968261719
500.816604614
498.555740356
496.420135498
494.176605225
492.05696106
489.830459595
487.726486206
485.517074585
483.428482056
481.23588562
479.16255188
476.986724854
474.928634644
472.769195557
470.725952148
468.583007812
466.5546875
464.427688599
462.414215088
460.303329468
458.304580688
456.209030151
454.225097656
452.144683838
450.175689697
448.109970093
446.156295776
444.104598999
442.16633606
440.127761841
438.205841064
436.178955078
434.274688721
432.257461548
430.372344971
428.361923218
426.50037384
424.490432739
422.660591125
420.640052795
418.861206055
416.80657196
415.122840881
412.999893188
411.46471405
409.268791199
407.786178589
405.606704712
404.080383301
401.978919983
400.461494446
398.381141663
396.919540405
394.832206726
393.378936768
391.318412781
389.847465515
387.839080811
386.380989075
384.403152466
382.949569702
381.000205994
379.531791687
377.628005981
376.156105042
374.294891357
372.816490173
370.993690491
369.500976562
367.721817017
366.219329834
364.484329224
362.970603943
361.277069092
359.74962616
358.098602295
356.560043335
354.951087952
353.4010849
351.832473755
350.271102905
348.741798401
347.171089172
345.679962158
344.100784302
342.646095276
341.059593201
339.639717102
338.047546387
336.660926819
335.064704895
333.709587097
332.110733032
330.785217285
329.185668945
327.888023376
326.289390564
325.017906189
323.421844482
322.174629211
320.582832336
319.35811615
317.772224426
316.568359375
314.990066528
313.805282593
312.236061096
311.068870544
309.510124207
308.358604431
306.812026978
305.674598694
304.141517639
303.016723633
301.498222351
300.384391785
298.881797791
297.777679443
296.291908264
295.196022034
293.72808075
292.63910675
291.189842224
290.106536865
288.67665863
287.598152161
286.188293457
285.113021851
283.723686218
282.651168823
281.282745361
280.21206665
278.864822388
277.795181274
276.469352722
275.40032959
274.095710754
273.026626587
271.743453979
270.673881531
269.412124634
268.341659546
267.100990295
266.02935791
264.809410095
263.736495972
262.536972046
261.462684631
260.28289032
259.207374573
258.046600342
256.970275879
255.827285767
254.750869751
253.624412537
252.548698425
251.43724823
250.363319397
249.265136719
248.19392395
247.107406616
246.039848328
244.963531494
243.90032959
242.832710266
241.774520874
240.714706421
239.6615448
238.608711243
237.560707092
236.514045715
235.471382141
234.430381775
233.392616272
232.357002258
231.324157715
230.293380737
229.265174866
228.239074707
227.215248108
226.193595886
225.174087524
224.156593323
223.141181946
222.127754211
221.116271973
220.106666565
219.099029541
218.093269348
