2872.95160031
1902.95929062
1563.40060553
1133.23608971
1164.91449288
1270.01455575
1075.62558761
775.090746343
910.164794236
819.215812668
916.940215528
814.061154589
800.218134508
789.891349629
804.394679755
696.511739746
638.624231808
592.092180736
664.89278008
631.379417099
641.653176084
654.746748038
660.609925427
607.73435244
631.200003445
514.736667067
539.770165496
486.570541866
519.068215951
489.802736148
538.159111142
465.913726285
487.478332341
485.1492939
457.083855651
555.830222346
456.580354095
506.246107578
463.119627129
554.142876863
568.878725618
411.802974399
429.286149418
392.846736364
376.688064512
383.895046867
413.310687378
448.940293223
441.560739137
426.717410065
456.001127839
463.026169851
331.82543619
441.023643732
506.562037997
510.357216179
467.564320989
486.991415188
437.885066837
423.382671252
432.222496383
412.722378761
459.20529595
367.90736033
443.032830872
392.894191891
406.160866633
394.625152409
329.605825953
379.575851664
355.362755567
343.401217408
338.020988077
321.551831603
396.833766211
371.921027988
364.221713018
388.923568062
322.991607953
334.90851704
402.044766471
391.429350853
347.611824758
363.858420193
399.908370536
407.945746869
360.953257963
333.246954009
406.455661617
380.32376527
411.14872238
364.543028265
415.277781434
392.867879033
376.503231809
383.020824298
421.580076315
374.095235907
347.305087145
399.60250023
419.64382349
446.807942063
389.37267407
369.033148661
404.711614497
349.363108523
377.301947951
456.002421452
383.678165942
402.455407575
393.755047798
354.655265696
361.822606072
329.654255889
320.532049913
351.606303787
350.52958636
334.312517732
311.355998319
371.562548131
336.484595165
316.603733115
286.54066968
330.490114704
323.620387852
460.821963433
335.806067355
370.831067108
351.315249398
415.007727385
336.424941704
377.591702476
350.428301238
397.400811158
354.230964258
377.122333616
362.486081712
359.00984294
318.238013972
328.344101392
358.619343411
465.007758833
374.003262352
355.241443869
348.492603794
394.668939322
360.437402807
387.012352541
464.213616356
387.771293975
327.666150928
383.018318594
373.736592054
425.308726914
375.338000402
379.411198027
420.105739452
398.141538143
427.243362933
343.53488078
362.889704291
384.719052915
419.118013334
416.190240405
418.838559054
327.902962036
274.511115186
343.289958023
352.720586715
335.136311185
361.804180659
308.485481486
334.23129867
400.330121197
305.03950455
388.914211435
325.129000291
359.505252279
428.268298909
298.961232677
352.827600777
280.275391821
317.65660527
311.654864997
347.29116191
399.593804404
355.782864779
365.530619204
276.63992472
393.071794283
342.848268136
472.451633811
341.285286501
364.385279499
319.427221484
285.851698279
301.422180593
326.394097101
257.455184408
295.767564543
275.995716933
296.08833158
313.810437895
375.456203409
277.911670916
286.725516789
309.722660139
266.85073787
286.211247921
259.072053626
287.922034919
244.097694222
275.973871067
283.443354622
256.328284554
248.117391661
266.427993245
245.283713937
235.779286779
247.610219624
242.768265948
302.458875723
255.218874618
240.571102038
235.184698813
244.999313295
240.251556166
234.639448978
275.652918309
257.177610077
337.197379187
301.337532043
267.921937466
241.078245662
253.835662141
275.151447363
245.55101645
283.485670157
280.366635561
263.732369371
274.258201823
311.495011762
270.144235626
241.19873672
240.478526447
206.229026757
259.294648953
256.411996648
251.855847411
229.262676373
258.525925033
286.046056405
286.58087939
291.233917095
287.422830343
294.007074229
236.717485301
209.283010159
282.410434768
238.890865192
238.251792256
219.482220665
261.818218887
223.586720608
224.265221559
247.187458076
209.230160318
214.557275154
235.486494496
213.071698777
207.77241756
237.64503593
225.858254962
218.808704266
258.075575322
239.818811052
227.785129536
239.505668879
223.489739701
248.300966706
221.179156367
221.357684262
227.058837287
243.572072297
221.5446219
234.858944871
230.068113424
230.636361532
240.947516426
237.319265448
211.257049963
232.275222063
297.950560085
273.767901935
253.154332846
230.968979601
249.299252912
220.403809771
241.038239062
246.572034057
234.962771438
214.914460406
269.822594713
257.306454502
223.291738667
229.247202307
177.812956914
258.505492918
254.936330147
218.253295628
240.504835475
267.52850268
180.073697357
187.982406802
214.098835122
207.578354523
214.234064199
245.085817572
271.012578338
212.03985659
213.958292648
222.700565889
197.763403319
233.369428068
179.277236149
209.940866191
234.837263301
224.209072404
230.363859467
235.537098929
224.415464416
196.892384786
223.968012631
243.795724899
223.4440502
233.458432537
204.426364236
222.320581209
216.478056259
212.040814556
212.014251787
228.376249678
217.641120389
246.764357328
209.018070512
211.228942037
186.743614838
206.217362817
196.159591205
212.159956381
205.907430619
255.420687821
201.921803087
202.072895594
197.902920023
205.903116547
198.079730697
207.825751655
177.785746463
191.119755231
205.443913817
195.596143201
190.727594934
204.207464945
229.926412813
221.317692038
235.761236094
215.906949669
222.008883525
208.91109094
245.200006664
236.922751777
231.061218604
188.421389854
239.788554288
222.534639269
218.468454339
196.765864007
173.96277919
194.344182082
181.259901486
203.360030543
199.11119017
209.568087664
263.089333311
227.190865964
230.940829808
233.016777847
236.095731691
229.148848571
190.063597798
243.342461452
244.33240349
196.540391717
201.497184992
252.610472143
242.995638635
223.123533465
230.190910045
218.560545526
227.537414789
220.261830784
236.830399804
230.041658521
239.248038538
204.869714335
193.268865936
229.163352348
222.575659044
250.910976201
241.043956444
237.639791332
238.601828109
249.334847994
219.804495778
250.883218892
200.431347463
250.546150267
246.52499729
213.559876695
237.676989924
230.371049508
217.018249251
238.400284633
212.096488893
255.829686426
268.636076339
211.63093894
216.589364246
206.289106213
256.397257447
230.317674778
251.312464833
232.345644832
227.501075029
214.234386716
210.088337544
239.160697058
216.619764857
242.533036355
213.032692052
203.864911269
237.189485326
233.413921691
226.982386298
225.824782997
237.358057767
210.862800427
191.387249257
189.32088647
193.737114847
264.473992519
218.1799649
204.956195109
273.279110789
222.303245038
191.422435626
190.434962735
184.383632824
220.12685401
204.921870111
218.998758763
219.340398639
224.755221494
223.362664718
214.591795526
252.343244974
217.999757474
212.510830224
224.473202944
232.76857724
218.473253794
226.841033563
211.055929348
231.668632664
200.489068538
246.615007423
231.995005451
236.566258736
258.318254765
258.009061694
257.742102675
259.187662952
278.582789689
219.410828643
266.696111336
229.192496873
233.573128648
213.07857006
222.128689662
231.96989724
231.395915747
215.905134335
198.185785804
216.719624594
273.867603257
210.031206474
233.619448915
201.59208978
223.990832038
185.434864774
198.533034869
216.484806426
229.206529491
233.354028285
222.279252686
235.625514064
225.438185148
196.925599329
212.248641104
206.755149208
247.760073893
191.189856179
215.728931651
230.694523416
311.314257942
235.922789067
266.851889059
210.656945169
246.712191977
274.303189561
246.766417265
275.219173439
308.022493988
181.062354553
255.132115409
245.804401055
207.430644639
269.389236167
239.263816983
232.977153759
240.891440034
250.671763361
260.76952216
249.893762887
273.716151342
251.135882933
266.996979535
257.498067878
240.879900619
258.010061108
234.41248773
249.558702126
235.312170945
226.467405625
196.046346396
209.888014808
173.598002963
187.054965526
205.166753106
195.205522314
260.421753805
220.661719829
200.210647702
181.399113245
201.390923556
209.825861964
249.433168307
205.817661084
194.165183321
208.397039115
237.163354203
170.175988942
172.245836526
189.749273159
163.456075732
195.088538814
186.174792543
191.848138932
182.071245302
213.881049074
213.574471161
202.505226258
197.553783424
216.455498546
181.312901575
219.749783281
198.121678442
168.997934021
199.959497631
202.699226424
195.864011388
197.605181273
249.835710902
207.365732156
229.115486514
199.949477226
237.86399027
216.483791538
198.014057532
182.67901681
234.014048658
208.678714428
227.243047036
203.919156756
226.150445886
190.524235357
211.592630841
184.050088465
203.145255096
184.622940496
216.068593241
184.081051126
200.018413838
199.775128074
195.762048371
200.58255424
195.173174381
187.492481485
222.444813952
183.056718737
190.455751397
178.634942621
189.891036913
165.347125035
185.273204565
199.377317484
164.420480825
175.006760299
160.409458045
175.779203352
181.310707189
167.596795648
189.608202472
179.86012093
197.086832561
185.368839122
155.683330923
196.964517716
165.463202827
260.432695813
183.160892103
204.196217068
179.920592867
184.118963696
222.814716265
165.462617435
207.342798341
193.948085591
183.055281788
194.855441444
171.58235256
209.830726746
183.857982915
188.656436723
171.213847093
195.924333856
177.715061028
163.073824003
255.672236539
151.108144883
176.001492757
196.706618104
165.052894011
163.017907716
160.082400054
174.165301025
159.035990667
167.111915548
200.596337013
208.499233715
199.943336856
153.771201372
164.071791392
185.86919339
187.673450723
179.447784141
178.879752263
162.358299449
168.416661642
162.597896524
183.908267051
163.064064533
168.263225205
166.874684282
176.304601125
217.903323945
206.864336982
213.805775218
223.981694356
216.735794865
201.351705745
197.752211653
185.76643879
204.223559152
173.914514907
176.065459639
199.084567249
188.947545484
200.266163349
197.999092799
211.150813423
242.843877867
210.552347161
221.222913891
207.432533421
193.580959365
182.416015919
184.518422861
202.089756921
200.660100296
247.588305116
172.321512401
189.73235888
210.579442866
193.655290697
311.964686733
229.069513183
175.339934614
184.411192439
167.752485074
155.050597675
230.685703419
223.389271658
222.257047094
188.724624895
219.150160857
198.784444124
195.315937124
224.350478917
168.398585014
270.753122848
202.726844296
223.899866175
169.358463228
151.304763705
158.986302495
203.18134506
218.706800982
211.545399094
242.264176458
200.298836201
206.528814353
216.805822283
192.355899721
184.491838768
183.991410904
195.420021333
182.563196667
207.115739241
174.167723604
213.130019881
176.768587962
171.225858737
202.743069664
148.364504933
184.245957196
173.954034321
177.259992879
182.453445598
174.717254285
166.741951764
192.702402949
203.675688602
221.413101062
224.699505195
233.554995112
221.542009022
214.860411376
183.713935845
219.474827107
208.092693135
165.31497582
274.019871127
155.677614734
169.335317805
183.800790783
196.486229248
209.086692467
194.994862515
191.010310814
213.79727152
185.968301706
193.80508402
196.201690242
177.751659609
187.098749965
213.233607009
237.37638928
224.934318442
187.262964312
219.721098661
177.507530719
184.991038911
235.415066302
218.801744342
174.660264269
222.117666256
211.124376602
183.768293928
206.728485897
222.352501586
190.136803642
184.723986018
190.709463574
167.297433086
172.391950067
175.326915123
164.589070369
199.334617928
168.367740545
170.153826524
187.395309854
167.462528236
184.518922709
189.944658056
172.895909823
194.599455968
162.643402286
175.715729736
152.047351744
201.294689037
205.23252859
171.777301181
180.19137698
165.111838888
203.116975382
183.615487235
221.027785882
166.749837019
167.635739703
185.656349577
167.878415301
176.898743629
212.213326599
204.7141026
190.244111907
180.541735593
160.940951042
172.165256828
155.247150939
172.847731661
148.544669863
161.423090931
181.45914055
177.142533969
208.037534263
172.265380632
189.773496091
181.407993741
174.499722905
168.831902143
177.89418966
161.26819443
184.993826646
164.175846007
156.598097153
170.354257122
178.420721594
189.955998044
209.986614671
227.703096658
177.936006896
194.603608452
175.741307594
172.720099896
188.406990692
162.985563651
189.753325671
216.110506669
217.361168914
194.46336161
194.353097282
169.501152206
207.640429199
198.312581349
184.944431188
211.751920389
178.479915457
165.401219845
178.984205347
191.556494899
231.303370852
212.216245875
193.908605371
167.220412016
215.991294328
228.641704105
215.500697557
218.813013844
182.402441956
189.852461416
180.703589156
174.635121249
182.084969137
183.334508106
140.458160259
195.428369239
153.912591789
175.305754058
189.7755711
187.403695777
170.959008802
178.360616319
162.625629269
163.180281326
166.626905784
170.109743185
176.780440059
165.503743872
165.042004503
156.973694474
166.022019181
166.963545449
167.026042029
174.084225856
188.961916212
194.719314858
186.50432525
166.146943718
190.979445707
163.866040323
153.482165199
188.164632495
154.598750725
170.284032516
166.838718198
168.130980775
182.673350967
187.442510307
162.580592655
173.042075869
163.712568901
213.153909482
168.140620437
190.202347986
161.443824053
163.59338079
169.365100719
198.074708451
159.944452204
163.801024862
146.810898893
188.844237253
178.080044709
179.486398116
186.051476307
161.872523852
164.912395813
212.350980647
215.911226593
192.251738369
195.16930896
162.703194022
151.808611583
139.740657173
189.609042592
150.26346432
152.327104665
163.904014044
161.223543026
177.542082362
155.711536188
178.42988703
152.106952488
168.506976448
148.812171072
174.100949131
181.911581181
165.69112118
184.262668665
176.301252719
160.494754933
140.472314302
148.044657566
173.535569422
175.965763573
164.555751197
161.354596101
203.341099508
157.734825492
197.425341077
177.16544215
194.10653875
178.331428081
151.887388252
180.465946756
182.103924826
179.220382027
190.909310564
163.608352445
203.152169354
204.449740637
179.511348058
183.221331898
161.224454384
160.281073645
191.507144008
180.618849454
143.346675236
180.733638555
172.148243152
150.206554487
167.372159809
171.025743149
193.194969453
145.549378157
166.764972508
160.299626477
187.598497495
188.625775304
154.43572145
178.05996424
171.380205519
182.427315161
153.828743935
