13527.4267578
13430.4594727
13352.0878906
13281.7905273
13216.0092773
13153.0576172
13091.9951172
13032.2597656
12973.4853516
12915.4394531
12857.9589844
12800.9306641
12744.277832
12687.9482422
12631.9038086
12576.1157227
12520.5678711
12465.2446289
12410.138916
12355.2421875
12300.5512695
12246.0610352
12191.7722168
12137.6813965
12083.7866211
12030.0878906
11976.5854492
11923.28125
11870.1691895
11817.2541504
11764.5344238
11712.0100098
11659.6791992
11607.5454102
11555.6049805
11503.8608398
11452.3129883
11400.9599609
11349.8027344
11298.8413086
11248.0751953
11197.5068359
11147.1337891
11096.9572754
11046.9765625
10997.1940918
10947.6081543
10898.2189941
10849.026123
10800.0336914
10751.236084
10702.6379395
10654.2358398
10606.0334473
10558.027832
10510.2211914
10462.6125488
10415.2026367
10367.9899902
10320.9770508
10274.1608887
10227.5441895
10181.1257324
10134.9050293
10088.8835449
10043.060791
9997.4362793
9952.00952148
9906.78076172
9861.75097656
9816.91918945
9772.28662109
9727.85253906
9683.61499023
9639.57739258
9595.73632812
9552.09472656
9508.6484375
9465.40209961
9422.35253906
9379.50170898
9336.84790039
9294.38989258
9252.13183594
9210.07006836
9168.20629883
9126.54077148
9085.07104492
9043.79858398
9002.72485352
8961.84814453
8921.16723633
8880.68310547
8840.39746094
8800.30688477
8760.41333008
8720.71679688
8681.21679688
8641.91235352
8602.80444336
8563.89331055
8525.17651367
8486.65722656
8448.33227539
8410.20288086
8372.26904297
8334.53100586
8296.98779297
8259.63964844
8222.48608398
8185.52709961
8148.76293945
8112.19287109
8075.81835938
8039.63696289
8003.64794922
7967.85473633
7932.25366211
7896.84765625
7861.63256836
7826.61157227
7791.7824707
7757.14697266
7722.70214844
7688.45092773
7654.39013672
7620.52294922
7586.84570312
7553.3605957
7520.06567383
7486.9621582
7454.04882812
7421.32495117
7388.79199219
7356.44848633
7324.29492188
7292.32983398
7260.5534668
7228.96679688
7197.56713867
7166.35522461
7135.33178711
7104.49438477
7073.8449707
7043.38134766
7013.10473633
6983.01293945
6953.10595703
6923.38525391
6893.84912109
6864.49682617
6835.32836914
6806.34228516
6777.54125977
6748.92163086
6720.48388672
6692.22729492
6664.15332031
6636.25878906
6608.54443359
6581.01025391
6553.65600586
6526.48022461
6499.48242188
6472.66357422
6446.02197266
6419.55810547
6393.27026367
6367.15942383
6341.22436523
6315.46459961
6289.87939453
6264.46850586
6239.23205566
6214.16833496
6189.27685547
6164.55895996
6140.01257324
6115.63647461
6091.43261719
6067.39794922
6043.5324707
6019.83642578
5996.30932617
5972.9498291
5949.75817871
5926.73303223
5903.87487793
5881.18273926
5858.65600586
5836.2947998
5814.09753418
5792.06396484
5770.19421387
5748.48706055
5726.94274902
5705.56018066
5684.33947754
5663.27941895
5642.3795166
5621.64013672
5601.05993652
5580.63928223
5560.37658691
5540.27319336
5520.32617188
5500.53674316
5480.90466309
5461.42907715
5442.10803223
5422.94360352
5403.9329834
5385.0769043
5366.37438965
5347.82592773
5329.43017578
5311.18701172
5293.09533691
5275.1550293
5257.36560059
5239.72680664
5222.23840332
5204.89929199
5187.70910645
5170.66784668
5153.77490234
5137.02929688
5120.43127441
5103.9798584
5087.67541504
5071.51647949
5055.5032959
5039.63537598
5023.91259766
5008.33325195
4992.89855957
4977.60644531
4962.45837402
4947.45263672
4932.58898926
4917.86804199
4903.28759766
4888.84851074
4874.55041504
4860.3918457
4846.37316895
4832.49475098
4818.75439453
4805.15234375
4791.68933105
4778.3638916
4765.17602539
4752.12451172
4739.21020508
4726.43127441
4713.78881836
4701.28137207
4688.90881348
4676.67053223
4664.56555176
4652.59472656
4640.75732422
4629.05212402
4617.47949219
4606.03869629
4594.72875977
4583.55053711
4572.50280762
4561.58496094
4550.79650879
4540.13720703
4529.60742188
4519.20495605
4508.93151855
4498.78417969
4488.76513672
4478.8717041
4469.10473633
4459.4630127
4449.94750977
4440.55529785
4431.28796387
4422.14428711
4413.12402344
4404.22692871
4395.45141602
4386.79870605
4378.26696777
4369.85583496
4361.56506348
4353.39489746
4345.34362793
4337.41186523
4329.59765625
4321.90222168
4314.32421875
4306.86279297
4299.51708984
4292.28857422
4285.1751709
4278.17602539
4271.29211426
4264.52185059
4257.86462402
4251.32006836
4244.88793945
4238.56750488
4232.35791016
4226.26013184
4220.27111816
4214.39074707
4208.62121582
4202.95874023
4197.40380859
4191.95605469
4186.61437988
4181.37878418
4176.24804688
4171.22216797
4166.29992676
4161.48059082
4156.7635498
4152.14831543
4147.63366699
4143.21960449
4138.90576172
4134.6887207
4130.57080078
4126.54956055
4122.62487793
4118.79602051
4115.06091309
4111.41967773
4107.87133789
4104.4152832
4101.04968262
4097.77392578
4094.58752441
4091.48937988
4088.47753906
4085.5526123
4082.7121582
4079.95556641
4077.28100586
4074.68884277
4072.17675781
4069.74401855
4067.38916016
4065.11120605
4062.90856934
4060.77978516
4058.72412109
4056.74084473
4054.82714844
4052.98278809
4051.20556641
4049.49401855
4047.84729004
4046.26391602
4044.74291992
4043.28137207
4041.87841797
4040.5333252
4039.24304199
4038.00805664
4036.82458496
4035.69189453
4034.60913086
4033.5736084
4032.58435059
4031.6385498
4030.73632812
4029.87487793
4029.05285645
4028.2689209
4027.52075195
4026.80859375
4026.12854004
4025.48059082
4024.86206055
4024.27246094
4023.71032715
4023.17333984
4022.66125488
4022.17199707
4021.70458984
4021.25769043
4020.83007812
4020.42114258
4020.02893066
4019.65270996
4019.2911377
4018.94396973
4018.60974121
4018.2878418
4017.97668457
4017.67663574
4017.38623047
4017.10546875
4016.83325195
4016.56848145
4016.31091309
4016.06054688
4015.81616211
4015.57702637
4015.34460449
4015.11608887
4014.89221191
4014.67248535
4014.45690918
4014.24475098
4014.03601074
4013.82983398
4013.62658691
4013.42590332
4013.22753906
4013.03063965
4012.83654785
4012.64453125
4012.45300293
4012.26306152
4012.07470703
4011.88696289
4011.70031738
4011.51501465
4011.33044434
4011.14660645
4010.96276855
4010.77990723
4010.5970459
4010.41516113
4010.23339844
4010.05175781
4009.8704834
4009.68884277
4009.50756836
4009.32666016
4009.14538574
4008.96386719
4008.78222656
4008.60046387
4008.41870117
4008.23632812
4008.05419922
4007.87121582
4007.68847656
4007.50561523
4007.32141113
4007.13745117
4006.953125
4006.76843262
4006.5826416
4006.39660645
4006.20996094
4006.02294922
4005.83557129
4005.64794922
4005.45910645
4005.26977539
4005.08032227
4004.89001465
4004.69946289
4004.50732422
4004.31518555
4004.12231445
4003.92944336
4003.73498535
4003.5402832
4003.34460449
4003.14831543
4002.9519043
4002.75427246
4002.5559082
4002.35705566
4002.15698242
4001.95703125
4001.75561523
4001.55334473
4001.35083008
4001.1472168
4000.94287109
4000.73815918
4000.5324707
4000.32556152
4000.11828613
3999.90966797
3999.70080566
3999.49108887
3999.28063965
3999.0690918
3998.85644531
3998.64282227
3998.42895508
3998.21411133
3997.99816895
3997.78149414
3997.56384277
3997.34545898
3997.12634277
3996.90600586
3996.68457031
3996.46313477
3996.23962402
3996.015625
3995.79101562
3995.56542969
3995.33886719
3995.11108398
3994.88293457
3994.65332031
3994.42346191
3994.19189453
3993.95947266
3993.72595215
3993.49194336
3993.25622559
3993.02038574
3992.78283691
3992.54467773
3992.30529785
3992.06530762
3991.82397461
3991.58166504
3991.33850098
3991.09362793
3990.84863281
3990.60241699
3990.35449219
3990.10620117
3989.85681152
3989.60595703
3989.35375977
3989.10131836
3988.84716797
3988.59228516
3988.33630371
3988.07897949
3987.82092285
3987.56115723
3987.30065918
3987.0390625
3986.77648926
3986.51293945
3986.24755859
3985.98083496
3985.71398926
3985.44555664
3985.17578125
3984.90527344
3984.63317871
3984.35998535
3984.08569336
3983.80993652
3983.53295898
3983.25524902
3982.97570801
3982.69567871
3982.41345215
3982.13110352
3981.84692383
3981.56188965
3981.27514648
3980.98742676
3980.69824219
3980.40844727
3980.11608887
3979.82299805
3979.52990723
3979.23364258
3978.93737793
3978.63928223
3978.33911133
3978.0390625
3977.73706055
3977.43371582
3977.12878418
3976.8236084
3976.51550293
3976.20666504
3975.89709473
3975.58508301
3975.27258301
3974.95849609
3974.64306641
3974.32568359
3974.00744629
3973.68737793
3973.36657715
3973.0435791
3972.71984863
3972.39440918
3972.06750488
3971.73864746
3971.40942383
3971.07836914
3970.7454834
3970.41149902
3970.07580566
3969.73840332
3969.40002441
3969.05969238
3968.7175293
3968.37451172
3968.03027344
3967.68444824
3967.33630371
3966.98693848
3966.6361084
3966.28369141
3965.9296875
3965.57421875
3965.21716309
3964.85803223
3964.49816895
3964.13623047
3963.77307129
3963.40771484
3963.04150391
3962.6730957
3962.30297852
3961.9317627
3961.55786133
3961.18359375
3960.8067627
3960.42883301
3960.04858398
3959.66711426
3959.28381348
3958.89929199
3958.51184082
3958.12414551
3957.73400879
3957.34204102
3956.9486084
3956.55322266
3956.15625
3955.75756836
3955.3572998
3954.9543457
3954.55065918
3954.14416504
3953.73718262
3953.32641602
3952.91601562
3952.50280762
3952.08789062
3951.67114258
3951.25219727
3950.83215332
3950.40917969
3949.98510742
3949.55944824
3949.13122559
3948.7010498
3948.26940918
3947.8359375
3947.40063477
3946.96289062
3946.5234375
3946.08251953
3945.63903809
3945.19396973
3944.74609375
3944.29675293
3943.84570312
3943.39282227
3942.93762207
3942.48046875
3942.02148438
3941.56054688
3941.09655762
3940.63134766
3940.16442871
3939.69506836
3939.22351074
3938.74975586
3938.27404785
3937.79650879
3937.31713867
3936.83520508
3936.35107422
3935.8651123
3935.3770752
3934.88635254
3934.39367676
3933.89953613
3933.40246582
3932.90344238
3932.40283203
3931.89880371
3931.39355469
3930.88500977
3930.37561035
3929.86340332
3929.34887695
3928.8326416
3928.31359863
3927.79174805
3927.26855469
3926.74316406
3926.21472168
3925.68432617
3925.15197754
3924.61743164
3924.07958984
3923.53991699
3922.99853516
3922.45422363
3921.90686035
3921.3581543
3920.80725098
3920.25280762
3919.69689941
3919.13806152
3918.57714844
3918.01403809
3917.44775391
3916.87988281
3916.30871582
3915.73620605
3915.16027832
3914.58190918
3914.00109863
3913.41809082
3912.83215332
3912.24389648
3911.65307617
3911.06018066
3910.46411133
3909.86572266
3909.26501465
3908.66125488
3908.05529785
3907.44665527
3906.83581543
3906.22143555
3905.6048584
3904.98571777
3904.3638916
3903.73913574
3903.11230469
3902.4822998
3901.84973145
3901.21459961
3900.57641602
3899.9354248
3899.29211426
3898.64562988
3897.99743652
3897.34545898
3896.69067383
3896.03466797
3895.3737793
3894.71154785
3894.04541016
3893.37756348
3892.70605469
3892.03173828
3891.35473633
3890.67529297
3889.99243164
3889.30664062
3888.61853027
3887.92736816
3887.23242188
3886.53527832
3885.83508301
3885.13208008
3884.42614746
3883.71691895
3883.00488281
3882.28979492
3881.57165527
3880.85070801
3880.12695312
3879.40002441
3878.6697998
3877.93579102
3877.19946289
3876.46057129
3875.71813965
3874.97241211
3874.22363281
3873.47216797
3872.71679688
3871.95861816
3871.19750977
3870.43273926
3869.66540527
3868.89416504
3868.12060547
3867.34301758
3866.56225586
3865.77893066
3864.99194336
3864.20178223
3863.40820312
3862.61132812
3861.81091309
3861.00769043
3860.20092773
3859.39074707
3858.57763672
3857.7611084
3856.94030762
3856.11694336
3855.29016113
3854.45959473
3853.62634277
3852.78881836
3851.94812012
3851.10400391
3850.25695801
3849.40539551
3848.55126953
3847.6932373
3846.83105469
3845.96655273
3845.0982666
3844.22595215
3843.3503418
3842.47070312
3841.58789062
3840.70141602
3839.81115723
3838.91760254
3838.02050781
3837.1192627
3836.21459961
3835.30554199
3834.39416504
3833.47888184
3832.55895996
3831.63549805
3830.70910645
3829.77832031
3828.84423828
3827.90588379
3826.9642334
3826.01843262
3825.0682373
3824.11499023
3823.15820312
3822.19702148
3821.23205566
3820.26318359
3819.29064941
3818.3137207
3817.33361816
3816.34924316
3815.36083984
3814.36804199
3813.37219238
3812.37194824
3811.36767578
3810.359375
3809.34716797
3808.33068848
3807.31066895
3806.28649902
3805.25732422
3804.22485352
3803.18847656
3802.14746094
3801.10241699
3800.05334473
3799.00073242
3797.94335938
3796.8815918
3795.81591797
3794.74609375
3793.67199707
3792.59375
3791.51074219
3790.42419434
3789.33288574
3788.23779297
3787.13757324
3786.03405762
3784.92565918
3783.81311035
3782.69580078
3781.57458496
3780.44921875
3779.31860352
3778.1842041
3777.04516602
3775.9017334
3774.75366211
3773.6015625
3772.44433594
3771.2833252
3770.11767578
3768.94726562
3767.77233887
3766.59289551
3765.40917969
3764.22033691
3763.02685547
3761.8293457
3760.62744141
3759.42053223
3758.20861816
3756.99243164
3755.77111816
3754.54589844
3753.31506348
3752.08007812
3750.84106445
3749.59619141
3748.3470459
3747.09301758
3745.83410645
3744.57043457
3743.30236816
3742.02856445
3740.75073242
3739.4675293
3738.17980957
3736.88684082
3735.58959961
3734.28649902
3732.97949219
3731.66662598
3730.34960938
3729.02722168
3727.6998291
3726.36743164
3725.03039551
3723.68835449
3722.34069824
3720.98852539
3719.6307373
3718.26818848
3716.9005127
3715.52770996
3714.1496582
3712.7668457
3711.37854004
3709.98486328
3708.58654785
3707.1829834
3705.77404785
3704.35974121
3702.94055176
3701.51574707
3700.08557129
3698.65063477
3697.20983887
3695.76416016
3694.31298828
3692.85644531
3691.39404297
3689.92749023
3688.45495605
3686.97680664
3685.49304199
3684.00390625
3682.51013184
3681.01025391
3679.50512695
3677.99438477
3676.47790527
3674.95666504
3673.42956543
3671.89660645
3670.35803223
3668.81396484
3667.26489258
3665.70983887
3664.14929199
3662.58288574
3661.01086426
3659.43322754
3657.84985352
3656.26171875
3654.66638184
3653.06652832
3651.46057129
3649.84887695
3648.23095703
3646.60742188
3644.97912598
3643.34375
3641.70300293
3640.05664062
3638.40405273
3636.74609375
3635.08178711
3633.4119873
3631.73596191
3630.05395508
3628.36694336
3626.67346191
3624.97375488
3623.26818848
3621.55651855
3619.83886719
3618.11560059
3616.38574219
3614.65026855
3612.90930176
3611.16174316
3609.40808105
3607.64794922
3605.88208008
3604.10986328
3602.33227539
3600.54785156
3598.75756836
3596.96044922
3595.15820312
3593.34887695
3591.53356934
3589.71203613
3587.88439941
3586.05065918
3584.2109375
3582.36450195
3580.51135254
3578.65209961
3576.78723145
3574.91516113
3573.03735352
3571.15319824
3569.2623291
3567.36547852
3565.46166992
3563.55175781
3561.63549805
3559.71252441
3557.78356934
3555.84802246
3553.90539551
3551.95690918
3550.00158691
3548.04003906
3546.07202148
3544.09741211
3542.11608887
3540.12817383
3538.1340332
3536.1328125
3534.12548828
3532.11096191
3530.09020996
3528.06311035
3526.02844238
3523.98791504
3521.94018555
3519.88623047
3517.82531738
3515.75805664
3513.68359375
3511.60241699
3509.51489258
3507.42028809
3505.31872559
3503.21105957
3501.0958252
3498.9744873
3496.84558105
3494.71032715
3492.56860352
3490.41882324
3488.26330566
3486.1003418
3483.93103027
3481.75415039
3479.57043457
3477.38061523
3475.18310547
3472.9786377
3470.76696777
3468.54858398
3466.32409668
3464.09155273
3461.8527832
3459.60632324
3457.35351562
3455.09301758
3452.8260498
3450.5513916
3448.2701416
3445.98144531
3443.68566895
3441.38378906
3439.07348633
3436.75671387
3434.43237305
3432.1015625
3429.76306152
3427.41760254
3425.06494141
3422.70544434
3420.33874512
3417.96411133
3415.5826416
3413.19482422
3410.79821777
3408.39550781
3405.98474121
3403.56762695
3401.14318848
3398.71044922
3396.2713623
3393.82519531
3391.37097168
3388.90966797
3386.44128418
3383.96569824
3381.4822998
3378.99157715
3376.49401855
3373.9888916
3371.47668457
3368.95654297
3366.42907715
3363.89440918
3361.35314941
3358.80310059
3356.24658203
3353.68212891
3351.11083984
3348.53173828
3345.94543457
3343.35168457
3340.75024414
3338.14147949
3335.52490234
3332.90136719
3330.27026367
3327.63171387
3324.98547363
3322.33203125
3319.67126465
3317.00268555
3314.32629395
3311.64306641
3308.95214844
3306.25378418
3303.54724121
3300.8338623
3298.11230469
3295.38391113
3292.64770508
3289.90393066
3287.15246582
3284.3939209
3281.62756348
3278.85375977
3276.07226562
3273.28308105
3270.48632812
3267.68212891
3264.87084961
3262.05157471
3259.22454834
3256.39068604
3253.54827881
3250.69848633
3247.84136963
3244.97644043
3242.10351562
3239.22393799
3236.33618164
3233.44091797
3230.53833008
3227.62792969
3224.70996094
3221.78436279
3218.85125732
3215.91040039
3212.96179199
3210.00616455
3207.04217529
3204.07080078
3201.09228516
3198.10565186
3195.11169434
3192.11022949
3189.10083008
3186.08416748
3183.05957031
3180.02770996
3176.98742676
3173.940979
3170.88513184
3167.82293701
3164.75317383
3161.67565918
3158.590271
3155.49713135
3152.39709473
3149.28912354
3146.17321777
3143.05004883
3139.91943359
3136.78118896
3133.63519287
3130.48181152
3127.32055664
3124.15216064
3120.97576904
3117.79223633
3114.60113525
3111.40240479
3108.19616699
3104.98236084
3101.76098633
3098.53198242
3095.29589844
3092.05236816
3088.80059814
3085.54187012
3082.27520752
3079.00164795
3075.71984863
3072.43145752
3069.13543701
3065.83166504
3062.52050781
3059.20178223
3055.87591553
3052.54241943
3049.20111084
3045.85321045
3042.4977417
3039.13439941
3035.76434326
3032.3862915
3029.00115967
3025.60870361
3022.2086792
3018.80114746
3015.3873291
3011.965271
3008.53656006
3005.09973145
3001.65612793
2998.20501709
2994.74713135
2991.28179932
2987.809021
2984.32897949
2980.84191895
2977.34765625
2973.84619141
2970.33770752
2966.82183838
2963.29882812
2959.76898193
2956.23168945
2952.68762207
2949.13647461
2945.57775879
2942.01220703
2938.44012451
2934.8604126
2931.27374268
2927.68023682
2924.07977295
2920.47247314
2916.85766602
2913.23620605
2909.60797119
2905.97296143
2902.33099365
2898.68188477
2895.02642822
2891.36358643
2887.69396973
2884.01831055
2880.33532715
2876.64538574
2872.94946289
2869.24609375
2865.53656006
2861.81994629
2858.0970459
2854.36706543
2850.63061523
2846.88763428
2843.13867188
2839.38220215
2835.61975098
2831.85089111
2828.07550049
2824.29351807
2820.50482178
2816.71002197
2812.90930176
2809.10162354
2805.28778076
2801.46759033
2797.64105225
2793.80859375
2789.96948242
2786.12432861
2782.27319336
2778.41577148
2774.55194092
2770.68249512
2766.80670166
2762.92443848
2759.0368042
2755.1428833
2751.2432251
2747.33728027
2743.42559814
2739.50811768
2735.58465576
2731.65576172
2727.72058105
2723.77966309
2719.83337402
2715.88134766
2711.9230957
2707.95953369
2703.99047852
2700.01586914
2696.03588867
2692.04980469
2688.05828857
2684.06188965
2680.05957031
2676.05206299
2672.03924561
2668.02105713
2663.99786377
2659.96911621
2655.93505859
2651.89587402
2647.85150146
2643.80224609
2639.74786377
2635.68859863
2631.62414551
2627.55493164
2623.4800415
2619.40112305
2615.31689453
2611.22802734
2607.13433838
2603.03619385
2598.93280029
2594.82476807
2590.71264648
2586.59552002
2582.47412109
2578.34777832
2574.21777344
2570.08282471
2565.94317627
2561.79980469
2557.65155029
2553.49957275
2549.34301758
2545.18212891
2541.01763916
2536.84863281
2532.67584229
2528.4989624
2524.31848145
2520.13305664
2515.94445801
2511.7522583
2507.55578613
2503.355896
2499.15209961
2494.9442749
2490.73388672
2486.519104
2482.30072021
2478.07946777
2473.85473633
2469.62628174
2465.39434814
2461.15936279
2456.92150879
2452.67993164
2448.43530273
2444.18780518
2439.93719482
2435.68347168
2431.42675781
2427.16717529
2422.90496826
2418.6395874
2414.37176514
2410.10113525
2405.82775879
2401.55218506
2397.27398682
2392.99285889
2388.70941162
2384.42382812
2380.13562012
2375.84545898
2371.55279541
2367.25817871
2362.96099854
2358.66235352
2354.36151123
2350.05822754
2345.7532959
2341.44671631
2337.13830566
2332.82800293
2328.51599121
2324.20233154
2319.88720703
2315.57043457
2311.25268555
2306.9331665
2302.61206055
2298.28991699
2293.96636963
2289.6418457
2285.31616211
2280.98925781
2276.66162109
2272.33251953
2268.00311279
2263.67260742
2259.34197998
2255.00964355
2250.67712402
2246.34387207
2242.01019287
2237.67608643
2233.34130859
2229.00665283
2224.67150879
2220.33618164
2216.00048828
2211.66497803
2207.32940674
2202.99353027
2198.65838623
2194.32250977
2189.98736572
2185.65258789
2181.31829834
2176.98388672
2172.6505127
2168.31744385
2163.98474121
2159.65307617
2155.32159424
2150.99151611
2146.66204834
2142.33349609
2138.00610352
2133.6796875
2129.35461426
2125.03027344
2120.70758057
2116.38598633
2112.06604004
2107.74737549
2103.43005371
2099.11480713
2094.80096436
2090.4888916
2086.17858887
2081.87023926
2077.56408691
2073.25927734
2068.95709229
2064.65686035
2060.35882568
2056.06341553
2051.77026367
2047.47949219
2043.19091797
2038.90557861
2034.62231445
2030.34185791
2026.06402588
2021.78948975
2017.5177002
2013.2489624
2008.9831543
2004.72076416
2000.46166992
1996.2052002
1991.95275879
1987.70361328
1983.45788574
1979.21563721
1974.97723389
1970.74261475
1966.51159668
1962.28479004
1958.06140137
1953.8427124
1949.62750244
1945.41687012
1941.21032715
1937.00805664
1932.8102417
1928.61688232
1924.42840576
1920.2442627
1916.06463623
1911.88995361
1907.72033691
1903.55535889
1899.39526367
1895.24066162
1891.09075928
1886.94665527
1882.80737305
1878.67352295
1874.54498291
1870.42236328
1866.30499268
1862.19360352
1858.08789062
1853.98791504
1849.89361572
1845.80566406
1841.72387695
1837.64788818
1833.57824707
1829.51470947
1825.45819092
1821.40734863
1817.36346436
1813.32568359
1809.29498291
1805.27111816
1801.25341797
1797.24310303
1793.2399292
1789.24365234
1785.25415039
1781.27227783
1777.29772949
1773.33013916
1769.37017822
1765.41790771
1761.47283936
1757.5357666
1753.60601807
1749.68432617
1745.77032471
1741.86450195
1737.96655273
1734.07696533
1730.19519043
1726.32196045
1722.45709229
1718.6003418
1714.75238037
1710.91265869
1707.08184814
1703.25921631
1699.44592285
1695.64123535
1691.84539795
1688.05871582
1684.28082275
1680.51263428
1676.75323486
1673.0032959
1669.26245117
1665.53149414
1661.80975342
1658.09729004
1654.3949585
1650.70202637
1647.01922607
1643.3460083
1639.68280029
1636.02941895
1632.38647461
1628.75350952
1625.13064575
1621.51812744
1617.91610718
1614.32449341
1610.74310303
1607.1725769
1603.61264038
1600.06338501
1596.52474976
1592.99703979
1589.48022461
1585.97433472
1582.47949219
1578.99597168
1575.52322388
1572.06185913
1568.61203003
1565.17340088
1561.74609375
1558.33026123
1554.92611694
1551.53338623
1548.15283203
1544.78359985
1541.42602539
1538.08059692
1534.74700928
1531.425354
1528.11584473
1524.81842041
1521.53286743
1518.25997925
1514.99905396
1511.7505188
1508.51425171
1505.29055786
1502.07937622
1498.88061523
1495.69439697
1492.5211792
1489.36050415
1486.21246338
1483.07717896
1479.95477295
1476.84533691
1473.74859619
1470.66516113
1467.59448242
1464.53720093
1461.49282837
1458.46151733
1455.44369507
1452.43887329
1449.44747925
1446.4692688
1443.5043335
1440.55310059
1437.61489868
1434.68991089
1431.77877808
1428.88088989
1425.99664307
1423.12588501
1420.26855469
1417.42474365
1414.59472656
1411.77813721
1408.97521973
1406.1857605
1403.4100647
1400.64810181
1397.89974976
1395.16497803
1392.44406128
1389.73672485
1387.04348755
1384.36380005
1381.69793701
1379.04605103
1376.4078064
1373.78338623
1371.17306519
1368.57662964
1365.99401855
1363.42510986
1360.87033081
1358.32958984
1355.80288696
1353.29049683
1350.79159546
1348.30685425
1345.83624268
1343.37973022
1340.93707275
1338.50875854
1336.09420776
1333.69403076
1331.30807495
1328.93597412
1326.57797241
1324.23434448
1321.90457153
1319.58926392
1317.28778076
1315.00067139
1312.72756958
1310.46865845
1308.22381592
1305.99334717
1303.77655029
1301.57440186
1299.38604736
1297.21194458
1295.05215454
1292.90612793
1290.77410889
1288.65658569
1286.55291748
1284.46334839
1282.3878479
1280.32629395
1278.27890015
1276.24539185
1274.22589111
1272.22036743
1270.22894287
1268.25137329
1266.28765869
1264.33782959
1262.40200806
1260.47967529
1258.5715332
1256.67709351
1254.79626465
1252.92904663
1251.0758667
1249.23626709
1247.40997314
1245.59738159
1243.79870605
1242.01315308
1240.24121094
1238.48291016
1236.737854
1235.00588989
1233.28765869
1231.58248901
1229.89068604
1228.21200562
1226.54653931
1224.89404297
1223.25448608
1221.62808228
1220.01477051
1218.41412354
1216.82623291
1215.25152588
1213.68920898
1212.13977051
1210.6027832
1209.07855225
1207.56640625
1206.06716919
1204.58007812
1203.10528564
1201.64282227
1200.19268799
1198.7545166
1197.32839966
1195.91421509
1194.51196289
1193.12182617
1191.74304199
1190.37631226
1189.02108765
1187.6774292
1186.34545898
1185.02487183
1183.71557617
1182.41732788
1181.13052368
1179.85501099
1178.59017944
1177.33639526
1176.09365845
1174.86160278
1173.64059448
1172.42987061
1171.22991943
1170.04031372
1168.86099243
1167.69207764
1166.53344727
1165.38510132
1164.24679565
1163.11846924
1161.99978638
1160.89108276
1159.79220581
1158.70278931
1157.62289429
1156.55279541
1155.49169922
1154.44000244
1153.39755249
1152.36392212
1151.33953857
1150.32434082
1149.31747437
1148.31958008
1147.33041382
1146.34963989
1145.37744141
1144.41369629
1143.45797729
1142.51068115
1141.57125854
1140.63989258
1139.71664429
1138.80114746
1137.89321899
1136.99319458
1136.10043335
1135.21560669
1134.33792114
1133.46731567
1132.60403442
1131.74789429
1130.89880371
1130.05645752
1129.22128296
1128.39257812
1127.57080078
1126.75552368
1125.94677734
1125.14450073
1124.34832764
1123.55841064
1122.77478027
1121.99731445
1121.22570801
1120.45993042
1119.70010376
1118.94598389
1118.19744873
1117.45452881
1116.71713257
1115.98510742
1115.25830078
1114.53689575
1113.82073975
1113.10974121
1112.40344238
1111.70251465
1111.00610352
1110.31463623
1109.62750244
1108.94543457
1108.2678833
1107.59454346
1106.92599487
1106.26153564
1105.6015625
1104.94540405
1104.29388428
1103.64608765
1103.00244141
1102.36251831
1101.72665405
1101.09475708
1100.46630859
1099.84176636
1099.22067261
1098.60305786
1097.98919678
1097.37841797
1096.7713623
1096.16741943
1095.56677246
1094.96936035
1094.37506104
1093.78381348
1093.19567871
1092.61022949
1092.02798462
1091.44857788
1090.87225342
1090.29830933
1089.72720337
1089.15869141
1088.59298706
1088.02954102
1087.46881104
1086.91067505
1086.35488892
1085.8013916
1085.25024414
1084.70159912
1084.15505981
1083.61083984
1083.06869507
1082.52871704
1081.99090576
1081.45498657
1080.92105103
1080.38946533
1079.85949707
1079.33157349
1078.80545044
1078.28131104
1077.75872803
1077.23825073
1076.71905518
1076.20220947
1075.6864624
1075.17266846
1074.66018677
1074.14959717
1073.64044189
1073.1328125
1072.62670898
1072.12207031
1071.61877441
1071.11697388
1070.61651611
1070.11752319
1069.61962891
1069.12350464
1068.6282959
1068.13409424
1067.64169312
1067.15029907
1066.65994263
1066.17098999
1065.68295288
1065.19604492
1064.71054077
1064.22579956
1063.74221802
1063.25976562
1062.77816772
1062.2975769
1061.81808472
1061.33950806
1060.86178589
1060.38522339
1059.90927124
1059.43447876
1058.96038818
1058.48733521
1058.01498413
1057.54354858
1057.07244873
1056.60263062
1056.1335144
1055.66525269
1055.19754028
1054.73083496
1054.26455688
1053.79901123
1053.33425903
1052.87008667
1052.4067688
1051.94396973
1051.48181152
1051.02041626
1050.5592041
1050.09909058
1049.63931274
1049.18023682
1048.72158813
1048.26367188
1047.80627441
1047.34921265
1046.89285278
1046.43701172
1045.98162842
1045.52679443
1045.07229614
1044.61856079
1044.16506958
1043.71194458
1043.25952148
1042.80749512
1042.3555603
1041.90463257
1041.45343018
1041.00305176
1040.55310059
1040.10348511
1039.65420532
1039.20526123
1038.75683594
1038.30865479
1037.86062622
1037.41326904
1036.96603394
1036.51925659
1036.07275391
1035.62661743
1035.18066406
1034.7350769
1034.28979492
1033.84475708
1033.40002441
1032.95544434
1032.51126099
1032.06729126
1031.62368774
1031.18014526
1030.73690796
1030.29394531
1029.85122681
1029.40863037
1028.96640015
1028.52426147
1028.08221436
1027.64059448
1027.19882202
1026.75756836
1026.3164978
