5071.35656738
4948.20446777
5025.78894043
4605.48901367
4653.01965332
4852.50146484
3103.49267578
5956.32354736
1464.11566162
4262.97613525
1205.70281982
3635.80474854
1055.48028564
3477.04833984
911.933044434
3178.04669189
838.83706665
3241.01586914
807.391403198
3268.63525391
744.613357544
2901.57446289
660.68107605
3120.4744873
803.511627197
2299.82720947
1468.87939453
2115.16137695
599.386245728
2842.1416626
1099.8862915
1710.96331787
1552.05628967
1588.19877625
1198.83381653
1259.60916138
2233.22756195
1118.2583313
1384.2754364
1762.03561401
851.696243286
1337.01644897
1543.93415833
1262.36589813
1007.68182373
1455.47344971
996.521820068
1507.51046753
871.966278076
1149.43667603
1301.79692841
1244.80297852
851.012268066
1168.48988342
1050.75946045
1398.63102722
623.282745361
1196.82839966
1000.32260132
1309.52510071
636.086181641
1116.22776794
965.975967407
1217.30792236
676.592529297
1015.55393982
941.875198364
1135.44393921
691.661483765
939.427032471
919.315704346
1068.95005798
696.575531006
878.268447876
897.015762329
1014.87963867
685.867126465
834.124282837
868.117851257
963.45664978
681.514480591
791.404327393
843.314163208
928.177230835
653.95854187
772.740493774
810.22743988
889.07093811
649.021591187
739.975250244
784.863929749
859.80078125
629.761169434
725.085083008
755.227508545
829.967803955
620.432449341
708.955932617
728.05065918
800.904815674
611.578918457
695.980392456
700.629142761
776.638885498
602.577392578
683.928817749
673.130737305
750.450164795
595.220123291
679.115814209
650.922935486
728.497238159
582.408035278
669.714202881
630.737091064
703.018676758
574.001068115
661.971176147
605.728775024
681.379089355
569.152282715
656.072967529
586.072814941
654.449127197
568.006500244
638.745391846
570.965301514
637.585327148
555.54296875
626.816085815
557.920074463
622.312240601
546.588043213
613.744796753
541.867263794
610.869689941
533.853118896
604.88243103
530.962799072
598.707931519
521.101364136
592.561859131
521.175384521
585.403701782
513.627151489
577.837356567
515.86265564
570.928161621
508.630523682
564.820083618
510.50302124
559.406265259
503.697036743
553.86567688
505.243545532
549.895446777
497.7137146
544.555404663
499.017074585
541.709091187
490.430969238
537.829666138
490.032272339
535.413284302
482.439453125
526.688598633
491.744903564
525.153518677
475.716033936
523.809341431
479.290374756
518.547790527
472.787414551
515.337371826
472.866714478
512.722618103
465.879394531
503.784355164
476.030685425
499.960319519
463.857437134
499.997817993
460.601760864
493.117355347
463.760299683
496.153869629
449.248291016
491.311248779
455.920852661
484.170021057
452.707305908
482.852912903
448.667778015
477.603057861
448.133392334
477.025039673
440.686286926
467.841720581
450.239250183
464.803543091
440.692054749
466.568656921
435.703834534
458.627075195
443.066017151
455.06652832
433.571800232
458.607727051
429.07762146
451.26599884
436.312744141
448.24609375
429.476379395
449.492889404
425.345077515
447.071273804
426.206878662
446.888717651
418.85585022
444.623573303
420.41632843
439.79385376
421.822471619
436.221046448
417.251907349
435.360954285
414.038887024
435.569885254
409.725509644
430.985343933
410.085571289
428.39414978
409.975975037
422.706214905
405.770988464
424.303688049
401.427368164
420.454483032
400.130592346
420.40448761
391.869972229
418.599464417
396.782821655
412.00302887
393.041511536
414.169631958
385.158233643
411.437393188
385.892730713
405.258735657
383.491539001
402.829521179
385.177566528
396.844146729
381.91027832
400.396858215
374.028190613
393.696792603
382.27230835
391.866607666
369.97694397
392.486579895
372.402130127
384.645011902
370.629501343
389.538383484
365.277351379
376.777740479
369.681747437
392.58455658
346.936393738
372.844917297
372.486312866
389.226669312
335.23752594
378.98210144
362.768981934
374.492660522
352.976051331
354.395317078
367.224617004
390.338127136
300.07649231
406.707962036
329.910354614
361.088111877
354.634506226
387.482620239
289.852409363
407.193473816
319.996025085
359.087913513
355.198013306
377.271392822
292.650665283
395.073410034
317.806381226
352.843284607
357.587287903
369.684547424
278.594047546
406.216079712
274.526184082
404.971488953
282.305419922
381.547958374
326.266082764
305.654838562
369.515293121
368.870750427
262.926895142
399.980873108
256.425262451
392.447433472
282.61819458
367.01247406
325.994590759
312.014362335
347.766780853
367.651031494
238.495758057
398.08618927
251.051887512
381.015480042
298.107872009
324.682777405
334.056705475
354.015426636
239.50466156
386.897117615
261.889816284
371.347045898
281.896720886
341.095466614
321.716026306
348.772491455
247.077465057
391.562591553
221.513221741
384.147544861
246.693695068
367.786125183
280.757095337
333.093170166
306.649147034
339.364280701
256.672782898
381.194236755
212.112579346
377.342468262
230.061454773
361.909339905
295.641784668
314.222969055
291.47971344
342.621444702
251.950374603
369.365219116
207.85213089
371.810424805
235.924339294
344.113700867
298.411895752
320.645004272
235.864555359
352.044372559
282.009986877
334.540733337
233.931755066
347.34312439
264.623146057
341.71572113
235.01121521
339.883705139
291.873771667
328.655097961
205.933624268
348.87651825
278.667747498
336.636909485
201.197090149
353.795333862
260.971984863
347.767791748
199.54908371
342.733078003
278.818019867
322.915985107
214.814918518
334.253669739
281.122177124
319.28704834
228.483627319
340.622909546
205.149456024
323.861953735
283.611495972
321.458595276
222.398723602
348.557617188
174.904876709
336.666618347
275.098022461
321.515640259
218.250312805
336.293052673
204.614715576
310.462852478
284.851501465
310.095199585
216.325523376
322.155235291
216.056259155
302.975902557
280.416046143
317.120056152
200.692619324
336.65296936
181.59148407
317.110774994
266.955978394
319.986587524
217.39225769
316.787010193
200.379554749
305.863918304
276.305755615
314.262550354
196.921848297
328.627456665
181.040756226
308.155879974
268.550868988
313.874992371
191.423774719
332.442077637
167.724636078
298.569725037
261.269966125
315.55368042
198.110954285
323.606285095
221.718025208
284.241157532
236.722316742
331.047485352
193.759090424
324.424629211
166.458786011
299.570743561
265.384811401
306.66255188
191.816257477
320.848426819
173.571781158
299.72858429
259.58215332
300.884872437
207.192733765
309.382194519
168.16582489
303.11713028
250.342124939
313.277648926
204.921699524
306.289764404
178.662979126
292.279197693
252.522834778
305.511962891
206.222682953
300.234931946
179.759151459
288.517478943
248.887275696
304.791984558
206.584007263
308.046157837
168.388645172
290.845100403
241.853507996
300.622489929
215.421684265
309.095359802
164.650131226
310.321075439
211.741680145
286.156158447
253.040019989
289.615516663
182.031467438
284.801277161
233.478473663
288.101745605
242.81886673
288.50453186
164.728885651
280.061321259
257.082336426
277.740364075
201.249629974
326.400497437
143.638128281
277.287693024
261.776844025
264.471801758
222.988704681
320.990440369
133.615419388
279.669330597
251.979400635
252.611003876
259.188533783
274.438972473
179.64522171
295.930370331
221.989673615
312.519378662
140.101009369
273.927215576
256.10376358
259.743881226
179.341026306
319.402740479
182.929603577
286.069000244
217.556266785
285.199935913
185.155174255
310.050422668
168.507663727
274.435417175
245.135116577
273.424629211
200.583641052
325.00630188
123.321569443
273.731769562
243.150894165
237.099460602
250.072257996
266.625396729
183.308441162
271.672073364
239.302158356
277.769065857
169.774002075
257.279148102
244.224082947
266.047058105
185.064334869
256.815048218
229.671894073
279.178497314
178.339672089
271.368541718
219.972129822
261.25378418
209.588840485
284.119476318
178.338573456
284.513446808
200.364665985
282.71937561
201.971511841
290.82698822
164.332836151
259.376659393
212.518795013
261.99319458
220.531341553
288.674026489
150.319164276
252.218532562
235.490016937
248.365898132
192.182720184
293.080825806
172.756275177
281.842079163
190.252323151
274.446804047
207.011764526
268.289459229
208.073558807
302.251182556
133.476884842
249.857898712
204.498180389
265.197631836
217.718730927
263.524871826
179.371734619
290.348709106
158.821640015
263.346481323
221.163730621
244.360038757
226.972301483
271.385139465
158.823493958
255.910858154
200.071697235
266.527179718
203.926712036
268.726913452
193.924259186
277.296707153
164.080280304
274.841945648
191.350757599
264.425743103
201.990997314
253.865867615
209.814929962
274.352539062
149.294975281
246.768760681
185.309551239
270.550708771
199.168308258
265.718482971
217.10905838
240.733520508
191.945716858
286.686683655
136.54101181
241.959255219
198.149112701
256.144134521
225.321128845
237.425193787
177.16129303
279.463340759
161.292030334
262.380912781
169.147621155
264.578548431
170.629180908
249.536132812
181.050289154
274.839981079
204.305515289
243.968574524
187.441383362
264.854530334
149.119285583
267.895431519
168.443759918
245.827537537
206.245243073
243.328567505
214.02848053
251.420570374
155.581871033
247.409061432
182.768230438
254.717124939
206.349266052
238.141227722
208.959453583
258.692764282
150.121200562
245.891902924
173.490329742
254.831764221
190.234035492
251.264533997
199.952133179
240.015357971
176.124256134
261.477836609
153.791671753
237.35654068
192.463378906
233.115570068
223.856700897
217.934532166
222.529289246
229.96818924
180.058288574
263.103866577
150.308713913
216.680175781
204.075473785
224.537334442
233.962665558
204.848518372
197.836463928
273.065162659
131.918535233
231.989021301
207.463645935
226.521400452
238.144229889
208.933719635
197.785064697
256.442760468
161.712726593
214.834838867
218.331840515
217.482280731
239.849098206
206.531330109
201.607030869
260.725440979
137.650215149
230.314006805
209.529899597
221.706916809
235.484092712
217.147865295
185.920795441
274.092586517
125.430965424
227.989803314
200.363517761
227.972362518
228.88621521
216.010231018
178.102085114
273.027496338
126.641431808
222.854225159
215.944149017
212.189113617
227.864120483
224.861228943
174.079311371
248.63735199
168.074935913
228.188587189
172.09236908
217.350093842
203.89302063
216.777770996
229.393787384
196.696907043
196.332426071
267.499382019
106.513467789
255.888031006
188.743453979
230.943977356
192.994308472
239.320728302
177.650165558
224.17540741
186.303840637
224.951702118
197.944049835
219.014427185
213.242290497
208.819301605
189.150173187
260.420898438
128.973907471
216.103515625
189.676879883
211.518466949
220.449085236
202.66778183
223.517505646
198.345306396
192.710788727
231.725391388
180.949546814
201.960605621
172.868736267
229.555000305
192.057231903
214.117073059
221.292324066
187.831489563
208.897743225
212.023151398
218.988353729
206.247695923
180.781524658
229.67716217
194.204471588
223.619701385
175.360818863
235.002113342
159.008953094
211.78163147
184.324737549
206.891952515
181.324707031
206.302875519
217.875160217
184.337932587
198.730804443
214.262546539
208.796836853
204.580806732
227.318473816
173.416595459
219.572338104
194.431930542
186.27129364
230.362148285
176.9908638
236.987995148
164.184619904
232.745330811
173.837245941
241.587005615
214.282985687
181.234855652
211.790313721
200.129188538
207.717746735
210.68926239
208.829559326
186.813781738
232.652065277
195.397087097
198.018724442
224.119358063
173.324108124
195.638763428
207.421344757
207.663516998
205.784095764
180.788536072
235.378673553
168.906036377
223.750656128
198.02690506
187.547702789
209.682025909
185.900062561
212.737228394
194.886461258
212.718044281
172.529253006
228.257072449
165.274280548
210.934499741
168.913555145
207.991767883
168.336048126
232.541290283
170.51348877
215.284908295
191.801677704
193.693096161
228.022045135
165.10383606
221.67924881
178.965896606
207.683998108
187.196445465
208.524951935
190.839748383
214.296386719
192.120895386
188.770881653
206.600074768
213.524972916
204.309143066
166.990209579
227.137908936
152.426757812
197.823917389
191.693763733
205.731075287
200.735584259
186.482318878
215.452486038
193.395957947
183.091215134
206.649147034
178.102272034
197.42150116
198.050695419
224.650901794
111.529031754
266.607826233
88.1393432617
253.215621948
130.681121826
209.804096222
172.374420166
179.364952087
220.313587189
179.390125275
208.807035446
181.416893005
200.934820175
183.394386292
197.413539886
182.396305084
186.611484528
210.564735413
172.745922089
185.384189606
200.619686127
197.963981628
182.755878448
205.603118896
163.966644287
208.750839233
176.272384644
203.380672455
160.868862152
221.942684174
147.58862114
229.540512085
139.253694534
227.538425446
157.398918152
218.425769806
171.47410202
223.39068222
167.110797882
239.050048828
157.168750763
214.293205261
178.952850342
223.821937561
142.453910828
227.481060028
176.924415588
192.460826874
200.762702942
170.277225494
188.240058899
205.360832214
176.508430481
217.542015076
172.060535431
233.808074951
168.247947693
193.994972229
192.503890991
184.356952667
184.10067749
192.907085419
222.182670593
154.897922516
207.988494873
168.809352875
201.018959045
196.724212646
184.880062103
200.5858078
213.573795319
167.712451935
197.50786972
121.179384232
223.108791351
171.066642761
184.415233612
214.770641327
169.511539459
188.667560577
194.137290955
183.65177536
203.433549881
191.189533234
158.648200989
194.90448761
176.49282074
204.349372864
176.770072937
209.504306793
192.03150177
183.003253937
216.878820419
198.089607239
164.502532959
192.481575012
176.391109467
208.584545135
203.894603729
183.163627625
197.328041077
193.500087738
155.009887695
199.524066925
184.063186646
198.892871857
199.861721039
178.661430359
184.498153687
207.029010773
148.307104111
191.094751358
181.936344147
191.113857269
200.524555206
186.143157959
187.429122925
208.743515015
127.388744354
221.558523178
155.068027496
216.829734802
109.634288788
217.847644806
176.764839172
186.161403656
207.127830505
179.668121338
179.808382034
186.276023865
182.43237114
174.539165497
199.419578552
149.606178284
207.684038162
169.549348831
206.556362152
177.707462311
173.453025818
225.678478241
124.630348206
216.037010193
170.931259155
172.12310791
208.839191437
176.067150116
184.119750977
202.297485352
176.962093353
183.751428604
181.600429535
189.331283569
190.703205109
195.308116913
168.166584015
215.027042389
174.846343994
186.541812897
184.789997101
199.273189545
167.625488281
185.634262085
183.316768646
179.141902924
206.199642181
172.578487396
201.008544922
166.121528625
206.739032745
175.655323029
173.252994537
186.246204376
202.630191803
177.269489288
168.042692184
210.825389862
140.120002747
197.770170212
155.850452423
190.893608093
202.571708679
173.241031647
177.366399765
200.015110016
162.855098724
187.401924133
178.600902557
185.575325012
182.892444611
179.247764587
174.359817505
205.190059662
154.422527313
190.498806
170.862522125
186.766708374
190.388198853
189.528625488
174.854879379
182.480930328
168.643623352
189.956604004
169.7121315
175.54957962
190.038887024
168.642602921
200.248931885
167.898109436
163.3188591
213.88993454
164.679626465
171.649597168
185.774272919
180.527893066
164.915649414
195.107208252
176.663856506
171.197475433
186.53096199
185.7345047
161.772914886
180.850893021
174.33272171
176.288803101
205.945480347
164.945510864
176.786914825
196.990596771
149.898694992
183.30916214
188.252540588
179.647102356
174.216373444
191.907730103
167.421230316
197.358795166
169.166873932
175.552257538
193.488689423
168.581016541
174.856124878
184.633773804
157.371351242
191.87796402
161.277618408
183.424976349
178.634662628
191.117805481
187.818954468
193.85042572
173.516532898
180.581218719
166.077823639
187.032787323
155.310676575
203.500888824
149.532550812
202.48891449
176.927627563
161.950687408
212.241363525
139.900751114
234.151294708
161.078971863
161.397151947
187.57970047
178.791473389
180.696735382
177.166179657
172.593254089
185.393375397
182.537063599
174.363037109
189.249219894
152.669147491
160.907104492
195.558673859
186.637557983
174.163490295
177.990383148
192.40196991
137.615709305
244.541160583
140.339447021
186.538894653
165.409633636
170.42326355
181.062576294
170.736721039
170.266262054
163.25371933
193.874427795
186.016189575
150.125858307
189.312828064
189.990871429
179.187576294
176.605453491
143.683742523
220.142177582
120.568374634
189.600276947
176.541770935
149.019462585
191.554763794
158.578296661
196.592727661
142.225914001
205.934123993
159.365756989
166.338302612
178.81703186
145.117931366
179.843696594
175.288913727
171.330467224
190.698396683
158.252017975
182.727518082
157.800788879
188.445983887
189.474506378
132.710487366
181.823974609
180.384223938
178.445178986
187.983215332
160.302589417
178.729240417
190.391731262
141.265586853
203.060249329
145.402206421
176.963422775
185.627761841
139.324382782
211.395553589
159.199924469
158.570886612
191.694438934
168.21503067
182.833076477
173.359104156
179.184654236
175.828357697
189.111240387
188.213165283
150.073562622
194.978485107
176.918697357
171.239253998
184.821224213
168.165428162
177.024879456
154.194766998
193.223484039
140.218757629
211.539615631
163.795444489
148.530447006
203.115829468
146.183475494
196.070556641
162.785301208
158.199169159
184.611587524
152.671386719
191.09249115
158.566013336
204.759109497
180.131839752
157.542915344
185.301425934
160.041687012
148.325834274
204.867500305
152.16109848
192.268802643
157.110988617
192.172908783
165.004718781
156.507032394
196.318496704
180.479312897
148.254241943
183.388816833
139.805725098
183.115749359
140.016403198
198.708305359
177.448642731
123.391057968
224.150110245
92.1448230743
213.378604889
171.484319687
149.716705322
183.927841187
144.312831879
181.80178833
155.896789551
178.861637115
158.736438751
158.118854523
184.095321655
129.75194931
186.980413437
170.682868958
165.091064453
173.647823334
149.213275909
199.860263824
165.202819824
122.963043213
208.796245575
167.308452606
138.945892334
195.638702393
157.925895691
170.985797882
172.465560913
146.661907196
188.996112823
132.773664474
183.325006485
157.991737366
169.224723816
180.518241882
141.112867355
198.302318573
153.603553772
173.375812531
172.997859955
150.765693665
162.333065033
179.479137421
176.777019501
149.58584404
176.583366394
160.687969208
167.122268677
192.922836304
141.463327408
199.455783844
147.133556366
179.939788818
124.856800079
203.791854858
157.871097565
135.587867737
186.302173615
175.629447937
152.249980927
152.772323608
175.607812881
150.080442429
177.201877594
174.4568367
164.675933838
145.797281265
170.731704712
130.466415405
211.404159546
111.921327591
206.423126221
140.790887833
184.787387848
128.766859055
183.690504074
146.871501923
164.805839539
163.919231415
163.956325531
181.705070496
133.672653198
192.248485565
129.433914185
197.282444
160.371643066
199.671237946
134.14509964
200.633644104
117.374916077
186.459699631
150.452407837
199.974567413
162.003147125
121.507240295
193.201194763
130.206636429
191.082051277
72.3050365448
243.700695038
139.768054962
161.267551422
170.240608215
137.938232422
194.210441589
136.648292542
191.397510529
121.709854126
194.421756744
156.298229218
181.112365723
157.238574982
191.884716034
156.29731369
168.448394775
159.535110474
200.904945374
139.420825958
186.97753334
126.686431885
191.742198944
142.6095047
192.256759644
154.508283615
180.070743561
120.878419876
191.481632233
131.819541931
191.378456116
123.883255005
192.037479401
153.406147003
178.755529404
189.413986206
130.570331573
172.759613037
156.331523895
146.185958862
179.115470886
120.129026413
189.431945801
162.191322327
166.238769531
136.282308578
174.965351105
164.549127579
169.087036133
151.378803253
153.994628906
173.517337799
148.332649231
184.695949554
170.94474411
135.414283752
180.368728638
128.466899872
169.83716774
178.895267487
107.936347961
196.96244812
121.59031105
177.594379425
141.812580109
176.919231415
125.629495621
176.473825455
163.645439148
144.207006454
165.330787659
141.108921051
187.474796295
140.702610016
184.533927917
158.157543182
164.974380493
161.535484314
147.987617493
181.841835022
159.654083252
139.835674286
180.632881165
155.961196899
140.250808716
171.087905884
171.097396851
143.486812592
162.626457214
165.050525665
128.257143021
192.199771881
105.552900314
191.408870697
115.721536636
186.95647049
149.344373703
130.444562912
187.372268677
131.155565262
162.554307938
169.617866516
147.217166901
154.767131805
161.802536011
153.455116272
147.995105743
176.756591797
122.849895477
177.416431427
126.337875366
179.680250168
138.185428619
151.880832672
166.437480927
105.964025497
194.869407654
150.524536133
152.395751953
166.402046204
163.086753845
179.171215057
107.59498024
178.608627319
125.662197113
183.280885696
159.208278656
130.530220032
161.688499451
168.699504852
160.816951752
159.006622314
152.244060516
152.805915833
172.108798981
149.61063385
172.62530899
150.47562027
131.274309158
186.413631439
158.667873383
125.61482811
182.941135406
129.931182861
180.146900177
124.587188721
180.494132996
114.671392441
165.19978714
138.028873444
122.024682999
192.096149445
156.849559784
160.195270538
139.323787689
170.118793488
133.237705231
175.248073578
122.990976334
177.563232422
180.966499329
117.322259903
189.483013153
138.540412903
136.250825882
170.947460175
149.848237991
168.691150665
152.081829071
157.227315903
115.892311096
188.360069275
154.346977234
153.577148438
139.172161102
170.01908493
130.652252197
173.219264984
181.437187195
142.406166077
169.128253937
147.75182724
176.8309021
160.83590126
103.019428253
168.300689697
154.523075104
144.524658203
180.631690979
143.708950043
153.857700348
154.388751984
158.013065338
158.01953125
156.177288055
154.9545784
148.889354706
150.604221344
166.571872711
146.420555115
154.31634903
164.415664673
119.558948517
167.938863754
158.925216675
146.889135361
167.891750336
155.922412872
127.105979919
166.501598358
173.789636612
136.534198761
189.064315796
130.171604156
177.510261536
144.054141998
142.282417297
172.391212463
96.2567462921
186.128631592
164.798007965
135.085510254
195.637771606
135.409065247
106.095518112
170.576007843
175.167995453
135.718032837
130.588029861
175.989646912
101.299707413
180.778942108
163.11006546
144.400653839
167.327400208
135.901638031
131.833288193
164.153396606
133.999732971
153.643194199
150.883590698
131.035076141
174.044727325
109.914203644
187.861564636
63.2534179688
189.299684525
133.944221497
167.40895462
128.2721138
168.062801361
132.785022736
132.642679214
172.590545654
152.76133728
97.8765182495
181.873794556
149.828235626
100.674415588
182.154602051
110.282146454
166.177410126
147.952981949
132.064702988
172.997962952
144.52463913
121.736280441
178.306613922
117.277101517
168.61007309
158.456672668
129.971342087
180.477619171
123.823417664
152.887786865
167.888286591
103.94493866
162.20513916
170.797611237
114.74552536
158.938419342
164.263816833
104.697591782
169.29133606
142.970075607
145.712619781
151.913887024
140.50346756
170.285907745
132.288208008
110.758226395
160.12518692
126.402004242
146.944410324
152.033420563
129.49836731
159.454872131
145.066478729
118.396261215
173.013885498
119.156721115
157.426338196
173.607025146
134.030841827
162.881401062
100.046867371
169.98254776
126.814289093
165.744815826
144.049560547
122.376422882
163.527877808
155.739433289
114.85263443
176.384426117
115.963237762
170.66563797
88.9677906036
178.09412384
113.921974182
159.021587372
145.206745148
139.16614151
140.060829163
156.450950623
125.915775299
151.769227982
153.292709351
123.359155655
174.069313049
119.477432251
157.227210999
147.967720032
145.521663666
145.389713287
139.466487885
154.684078217
147.137329102
137.206954956
144.691692352
155.759662628
146.168540955
168.061878204
136.737703323
126.338176727
154.055500031
144.90316391
156.282146454
139.97518158
124.621427536
186.875068665
101.774814606
180.173530579
128.206090927
125.154270172
167.52558136
114.687347412
172.439987183
100.695575714
165.194547653
145.08032608
146.055164337
165.398529053
102.163709641
170.844833374
78.0290641785
172.178676605
154.690086365
119.669353485
150.075267792
147.530725479
157.852703094
117.072061539
179.846401215
99.9924182892
152.066375732
123.676151276
153.97551918
148.891197205
105.352655411
167.869743347
98.4224491119
174.39531517
134.173583984
126.678339005
152.285690308
157.803630829
92.2201461792
164.753334045
142.77126503
138.477777481
154.730587006
100.23602581
170.950305939
95.1679162979
155.914028168
106.97105217
157.437309265
111.607803345
159.252943039
148.966011047
119.032629013
162.681434631
106.222652435
166.137695312
109.608949661
153.657371521
142.461086273
121.013708115
164.07447052
140.205965042
138.020629883
141.843015671
151.270816803
98.9043931961
159.730993271
127.117641449
159.593982697
156.361213684
147.528152466
134.682025909
151.312812805
143.604444504
149.914470673
119.387378693
146.148616791
164.507865906
116.516372681
154.361503601
137.212715149
141.380687714
127.491317749
170.504314423
110.477081299
169.687850952
95.2465858459
165.480899811
123.817424774
89.4501008987
189.860458374
125.562158585
157.184516907
156.938411713
104.015457153
178.843524933
141.596546173
111.178403854
142.433021545
169.009155273
126.02520752
119.993267059
160.373207092
148.307952881
144.813339233
94.8082542419
155.469297409
177.347789764
128.575134277
105.342475891
158.750417709
154.770973206
149.639545441
104.237728119
159.494379044
148.519447327
126.898918152
101.841842651
161.893745422
154.25088501
92.1529331207
156.317865372
153.391887665
106.651173592
175.348049164
155.116380692
94.4568119049
167.914981842
135.019809723
137.738100052
137.024211884
129.831298828
151.923267365
142.873031616
133.399875641
130.381126404
148.767637253
137.610965729
143.336854935
152.92534256
103.583307266
154.738325119
129.634143829
140.290319443
161.649284363
91.1857585907
174.901685715
128.74638176
152.457653046
120.019622803
154.269809723
133.059064865
142.710968018
159.166507721
134.658485413
136.330966949
144.132896423
133.251140594
144.50246048
122.412797928
120.506210327
177.143997192
115.523239136
137.745927811
135.550531387
178.208953857
131.108001709
113.158159256
157.580715179
150.909557343
126.826446533
136.405471802
153.20747757
117.158214569
156.843263626
147.617019653
119.525882721
164.361385345
106.313707352
150.952480316
97.3629760742
163.175321579
143.3021698
118.413610458
145.943256378
142.649282455
162.154529572
122.025335312
165.794269562
148.96064949
129.504234314
175.268169403
126.431682587
136.213562012
146.021938324
118.546789169
162.919513702
150.537395477
137.960342407
148.132675171
143.427825928
128.598730087
150.387008667
148.339370728
135.785856247
136.951805115
141.482357025
177.029396057
64.5289001465
180.799129486
103.809915543
151.424547195
133.012413025
161.469577789
123.927627563
118.83952713
164.659173965
125.817724228
148.481163025
156.873420715
137.571802139
88.1103277206
162.936950684
112.580869675
146.030210495
158.158615112
99.9158973694
145.97416687
157.899009705
110.837303162
147.713573456
172.610729218
114.97744751
88.7777681351
185.468513489
125.678268433
157.056777954
172.110343933
116.861789703
129.401779175
137.833271027
127.295183182
135.279430389
157.874786377
119.235155106
138.152523041
141.013896942
153.732105255
131.096984863
149.924610138
123.665496826
162.852409363
130.000953674
130.392982483
137.900173187
102.431228638
172.868991852
134.967060089
145.314537048
95.7618999481
154.790645599
145.400327682
98.773935318
162.034389496
108.627321243
158.869415283
129.022129059
123.517335892
141.91558075
144.292446136
122.788722992
154.980754852
149.358198166
83.8354120255
157.129657745
117.105363846
134.387990952
138.99312973
153.872020721
110.442579269
156.875888824
148.693210602
