5123.75195312
4749.10974121
4502.34832764
3592.79559326
2732.05465698
2887.59963989
2534.1124115
2376.85546875
2296.47547913
1919.61035156
2097.11460876
1454.57022095
1735.12811279
1715.72757721
1552.26821136
1488.73392105
1473.11254883
1459.67975616
1353.37628555
1405.25623703
1217.36212158
1214.48222351
1190.26076508
1198.38768768
1125.73301315
1306.62759018
1049.29188538
1259.92922592
1029.30192947
937.056711197
1002.39383698
875.162857056
972.892457962
874.385046005
1044.38604927
868.135990143
927.481323242
838.532405853
879.764900208
811.815345764
848.477657318
792.712348938
819.455778122
766.763763428
794.969896317
734.794307709
776.645963669
712.089496613
743.927825928
706.672649384
676.966564178
716.053455353
621.393146515
761.734264374
621.206348419
750.799863815
604.553062439
723.165121078
581.199304581
720.46836853
606.226539612
657.777374268
640.28080368
581.19839859
590.542762756
648.142536163
521.516168594
647.094293594
540.400836945
560.611694336
616.381364822
589.291521072
574.894908905
522.536119461
579.997692108
625.190973282
442.629281998
589.937710762
404.248925209
579.954515457
480.921815872
532.01199913
544.550112724
494.251058578
547.225168228
496.268108368
512.914972305
462.749763489
480.832992554
538.459091187
454.58575058
503.841356277
469.369926453
475.753398895
473.361833572
473.909919739
479.211690903
450.139860153
507.642993927
435.004989624
462.31407547
469.689954758
481.675678253
531.30242157
421.919090271
453.360366821
478.357322693
438.219028473
431.451511383
431.094022751
449.502922058
497.349704742
409.528654099
427.813913345
441.58890152
405.577992439
453.072169304
408.682068825
422.241724968
410.830176353
357.487739563
425.899366379
393.573444366
443.64116478
427.347558975
397.753669739
438.517504692
387.208978653
395.006573677
375.090918541
413.379038811
299.168006897
394.735538483
406.624167442
377.095811844
383.086713791
379.088926315
419.007063866
368.396459579
399.432165146
393.760141373
359.939373016
360.554953575
387.139856339
360.570306778
418.52085495
373.10897541
395.778405666
347.388860703
360.403189659
381.857963562
364.160666466
371.338428497
402.305627823
324.665858269
355.330509186
350.619005203
357.866107941
412.452754021
319.183283806
352.983472824
347.830686569
361.310990334
316.172729492
337.581478119
347.139890671
344.622875214
333.808599472
282.7489748
332.588747025
370.302755356
326.963531494
353.985050201
323.338816643
329.255496979
354.591958046
295.605978012
324.591535568
300.303699493
357.777236938
284.168949127
333.265611649
305.782147408
318.096767426
308.138898849
331.893498421
294.890508652
289.210817337
338.819961548
334.800803185
288.189155579
319.697725296
327.338959694
302.927987099
312.729293823
286.359830379
321.898963928
343.29019165
276.811958313
314.774059296
315.54640007
319.879440308
296.237152576
262.793614388
333.646929264
306.299072266
303.587988853
299.022528648
293.734630585
326.422252655
293.244945526
301.322408676
285.749678612
309.883588314
286.93611145
312.891188622
280.998814583
294.494935989
303.36448288
320.536849976
281.946248055
301.681349754
273.269151211
308.141218185
329.685367584
285.94888401
273.788389206
273.429788589
283.211488724
270.71044445
286.329406261
314.00933075
270.849230766
280.879010201
297.025074005
276.164171219
282.311181545
254.352294922
283.001125336
265.026151657
257.536787033
290.493460655
302.404024601
229.972875595
224.87060833
277.14497757
269.415005684
309.304443359
268.193628311
263.000013351
267.697813988
282.859037399
271.363715172
265.610196114
277.697031021
225.94459343
232.392644405
236.813491821
266.064268112
291.490686417
248.426297665
259.787270546
224.227263927
294.208363533
259.684421539
240.013219833
283.944070816
257.462649345
241.021661282
221.224931717
277.417533875
256.92224884
234.949159622
235.203402519
257.109744072
251.871497154
233.745917797
298.447463512
238.322480202
253.574271202
261.81311512
271.210097313
256.739659309
287.089406967
208.869135857
224.343819618
262.442392349
226.353151321
259.416771412
261.810656548
264.366843224
264.24537468
217.677026272
243.066944122
265.206154823
250.666662216
235.736329556
231.051382542
237.222985268
267.025035858
214.044968128
248.12932086
221.239563942
263.983852386
241.916221619
263.022366524
261.554373741
245.013029575
260.410880089
243.395816803
235.256943703
234.370466232
243.428474426
230.567171574
251.25291729
218.192594528
201.970700741
239.470567226
244.220683575
253.687086105
228.532830715
268.043959618
272.049251556
207.447350502
250.185936928
250.472115517
231.281335354
258.909610748
245.306949615
210.447948456
241.636005402
253.154561996
205.4515028
227.138368607
238.640974045
215.003268719
245.88867569
207.157917976
205.657283783
250.547766685
232.478735924
214.768588066
260.348436832
265.520606995
225.930422783
251.049453735
229.222995758
256.956760406
241.632750988
234.730947018
237.710332394
258.17386055
232.961967945
234.041274071
230.427778244
253.709407806
228.3805089
245.370264053
254.666831017
227.632100105
232.708763123
221.552248001
236.278558731
241.458571911
234.749576569
207.201951981
222.976492405
228.446365356
228.298757076
239.722906113
245.118897438
219.143240452
222.944262981
248.361688614
191.621849537
246.735646248
222.442406654
237.378695011
214.622541428
214.219028473
259.022602081
214.482002258
241.754423141
245.794370174
218.651287079
179.869101524
237.652037621
203.479214668
229.743131638
224.987185001
201.536973953
226.977700233
221.299247742
218.557579517
243.530751228
192.024132729
210.220753193
218.842926979
238.354151726
215.9227705
210.944152832
222.2159338
191.600869179
199.73631525
214.108904839
216.24204731
218.3832798
189.039250374
183.726943493
220.580552101
209.539690971
231.20097971
221.96469593
178.943710327
223.389796257
208.695625305
189.782707214
189.80228138
213.510837555
237.771306992
201.631669044
226.280076027
182.276241779
238.440301895
182.256373405
203.416097164
228.233935833
198.825237274
254.827847958
185.689831734
211.054291725
215.563711166
218.871407032
184.372298241
233.631380081
209.186258793
204.373713493
227.510490417
195.914295197
244.118009567
206.182762146
202.890762329
156.157385588
236.210615158
218.490407944
199.39733696
229.993049622
208.027899742
201.417429924
227.519866943
217.538713932
202.750810623
171.246608257
241.990591049
200.416368484
215.141041756
198.762263298
206.902291775
176.706672192
232.945835114
197.938921928
211.774931908
197.600993156
212.529584885
202.595159531
182.121999741
187.916698933
182.723628998
196.123896599
195.959148884
213.143587112
195.069426537
219.804419518
185.721702576
209.979426384
177.322279453
198.66736412
194.33536911
207.60125351
191.748364925
207.437736988
198.431303024
193.314600945
214.587150097
176.350517273
205.55830574
188.123755455
191.723000526
218.940097809
185.763841629
211.478538513
202.884628296
179.458950758
182.011016846
169.449549675
231.415068626
188.734323025
222.73051548
207.522830963
217.245668411
190.752531052
198.989413261
224.793652058
236.462231636
186.080247879
202.897287369
192.735035419
187.828879833
238.906628609
199.322945595
181.274168491
196.553116322
224.027605057
204.317947388
214.227663994
185.666046143
214.913803101
192.251622677
214.820273399
173.79777956
231.21006012
170.749446869
219.203226089
198.753412485
205.934656143
200.314009428
218.506731033
193.199268341
187.749763012
226.654314995
200.045040131
200.497350693
183.213242054
190.306788445
209.993542194
197.816967964
165.822081089
173.643454075
179.126820564
165.47253418
186.682776928
175.658543587
194.107223511
190.785059929
181.020401239
193.194628716
217.611986637
175.505753517
216.069823265
175.160713196
213.973145485
188.717360497
163.736452579
210.07605648
212.914371014
156.237202168
198.484972954
204.648986816
175.019193888
187.446397781
201.014942169
184.942382336
180.406835556
210.846785545
178.794228077
200.859567165
184.131806374
200.784971237
189.482868195
221.792859554
177.520202637
217.714913845
186.624418736
221.41697216
196.053003311
174.983908653
193.65007019
192.476594925
212.816972733
186.075040817
202.129840851
161.856906891
192.521222115
211.135642529
207.962993622
173.703285694
186.22053051
191.391008377
208.969711304
172.064940929
190.136487961
224.065525055
169.796863794
170.97440815
178.52162981
199.356197357
196.269314766
181.197563648
214.914077759
180.37878418
210.721935272
197.506959915
183.001109123
182.882405758
202.53077507
182.529285431
174.718884945
236.22877121
171.18369627
237.187912941
202.842679024
213.36184597
153.143549442
192.744734764
220.702404022
197.728171349
189.330958843
186.895450592
201.866927147
181.941854954
186.718428612
194.376626492
175.290438175
192.412631035
171.915141582
186.489815712
174.321055412
207.077962875
196.79421711
181.682122231
197.058869362
191.363551617
204.177424431
182.261759758
180.430390835
164.76175642
203.528145075
198.559286118
180.901297092
142.868530273
203.824808121
187.228816032
184.391978264
185.911954403
159.053477764
207.629617691
167.954459429
187.872085571
193.298707485
194.490839958
190.364913464
193.460478783
186.742304802
182.307296753
185.647768497
168.525497913
200.274675369
180.383009911
166.468767643
175.260540962
194.404397011
169.032701492
183.889869928
184.161224842
170.254721642
164.817432165
143.421370268
192.193993568
182.20960474
186.368232727
163.514731169
177.808934689
211.656059265
172.217684746
178.192119598
175.123792648
222.108594418
166.575175762
188.250965118
194.375846386
194.909068108
156.928958178
184.728637695
195.02093029
192.230382919
179.792359352
194.144970894
167.076608181
193.023223877
177.795511723
175.729605675
189.858285427
190.400666714
152.090738297
168.6271348
171.182664871
214.171523094
199.782403946
153.630737305
200.309955597
186.096313477
196.697520733
154.147440434
215.333528042
191.310939789
170.820706844
179.42068243
167.9107728
170.617593527
191.172706127
173.067194939
188.808196068
173.678070545
157.375898361
174.126852512
168.772638798
180.877895355
175.502225399
201.876690865
179.729322433
183.355336189
183.334809303
185.292244911
161.180742741
141.744675636
203.546115875
166.974965096
172.977834225
181.835579872
165.366456509
189.231115341
154.223833561
201.007968426
185.564347267
195.156069756
186.834470272
155.864382267
137.849265099
160.892891407
198.03577137
206.058420658
202.699640274
153.829867363
177.422632694
169.923341751
193.810700417
191.064317226
165.750537872
168.063934326
189.7566576
191.36130619
159.361771107
204.154143333
155.659594536
193.689675331
180.409029961
165.738870144
130.452304602
203.622350693
185.653569221
172.638611794
163.552865982
188.035081625
160.351224422
136.745751858
190.358409882
170.496982574
188.916525841
169.667690754
199.673167229
175.577623844
160.689067841
182.410450935
176.858606339
143.362905502
204.182295799
166.473066092
155.141710281
183.485647202
181.106301785
177.210597515
187.166495323
176.43911171
188.827335358
179.651958942
147.458768845
183.729872465
179.832669258
176.770928383
155.144659042
166.381148338
186.2651124
166.270927429
178.51283741
213.247485161
159.583315611
163.691859245
159.084675074
163.175751686
185.69978714
161.191737175
197.598220825
176.414754868
173.501357079
177.431780338
182.904895782
193.727103472
164.920110703
182.106714249
179.239579678
174.894581795
177.678299904
176.636288643
188.138874054
156.785765648
188.693161011
178.619841576
141.564009905
191.711528778
175.68008852
203.881622791
171.242680073
184.177673101
151.021086693
207.284351826
156.844115734
188.551048279
171.113409996
164.675245285
158.334770203
190.804650307
191.944357872
154.318697453
177.85288763
164.968575954
179.076044083
177.964001656
179.989710808
191.024967194
171.375843525
177.621815205
147.019369602
160.43590641
178.858942986
169.646035671
179.01796627
175.452982903
162.818600178
182.506614208
203.91382885
178.171252251
189.358180046
192.152825356
171.248191357
170.592178106
165.934164524
180.721323013
163.089435577
166.51926899
176.752098083
160.058122635
184.827836514
172.661982536
160.714920044
179.066870689
151.895774126
166.93336153
183.594634056
186.949208736
180.809924126
176.36268568
156.308597565
187.64268589
189.244186401
179.327461481
143.625957966
178.462016106
176.521220207
166.928030491
174.534056187
170.877453804
169.002150774
153.057943344
177.654661894
171.152269363
170.919260025
171.15917778
157.345700741
173.00914669
183.028654575
176.310638428
141.305526257
179.588708878
174.210594177
194.513662338
171.967758179
183.303699017
144.678518057
145.675611019
181.128555775
208.039893627
161.246975422
169.978122234
186.055002689
163.070620298
150.695576191
165.34287262
199.468639374
176.318639278
184.094062328
185.688731194
166.771958351
182.428154469
158.139937401
157.797539711
209.017687798
171.269050598
149.724669218
169.364041328
169.763335228
162.807058334
178.749245882
159.365511417
169.819848537
137.650896549
165.592329025
168.585829735
165.920576096
166.407689095
166.827813148
150.118205309
121.331395149
188.901954174
193.630308151
169.13566637
193.819906235
172.17404604
149.827320576
143.738804817
184.885620117
116.879247189
199.544955254
158.439486504
185.729622841
161.524822712
137.203038692
168.645235538
150.163619995
155.154438972
192.787809849
150.718065262
171.018261433
148.280311584
189.226758957
150.750499249
156.839508295
169.396016598
165.278473377
150.028644085
159.755288601
153.635197639
194.066372395
149.144559383
166.385141373
171.214073658
158.705317974
174.02757597
177.625500679
138.777011871
153.640646696
154.46111393
172.155375957
165.081606865
174.015032768
188.49709034
166.955279827
189.767578125
155.491604328
169.200698853
134.468706131
160.098254204
159.847147226
169.925571918
179.404726028
155.853653908
151.856458187
193.165654182
151.658260345
175.453937531
152.287396431
172.543673515
159.13045454
155.348679543
193.76188612
187.240667343
153.315912247
163.19124794
165.872909546
165.120893478
188.073073387
180.17357111
155.774686813
189.715379238
161.242224216
175.029039383
155.257944107
182.002498627
150.125323772
191.114580631
174.301790714
183.388957024
157.108733177
152.451584816
183.333405495
151.939540863
163.155465603
185.366051197
132.576746464
164.67903471
143.267999649
188.023177147
140.959917068
191.991818905
185.137149096
170.925138474
140.330633163
178.854249954
172.451920986
152.575861454
169.78625083
145.444123268
171.520421028
179.806143045
139.112894058
154.034965754
149.140613556
181.258305073
169.898400307
137.062128544
181.710943222
154.546072483
165.246310234
182.735435963
172.411359787
159.325472832
161.434119225
182.739050865
144.09596467
162.552624226
158.222062588
166.318289042
184.990233421
186.192178726
135.295724869
167.126138687
180.427917957
158.36220932
144.99447155
154.790252686
154.297066689
174.763020039
145.673214912
154.1085186
155.220361948
167.866364956
146.914750576
183.683233261
151.921327114
151.889273643
131.520798683
165.176879644
156.560339928
139.533804655
171.188280582
171.863594055
177.517801285
143.08166647
120.637495995
182.193599701
178.661232948
152.169686317
162.94536829
207.364542484
161.500313282
164.400085449
154.4633286
186.339406967
164.395514488
150.025381565
159.91321826
149.343656301
155.867847919
157.665879488
178.599160671
134.785344124
151.277083874
167.390309334
150.531630516
151.894025326
177.192470074
155.726214409
179.272001266
164.869540215
139.156377792
181.295168877
165.347825289
148.810655355
171.557804585
166.317772865
145.000039101
161.528599739
138.915347576
168.847964287
148.553962708
184.106690407
151.779579163
138.981494427
182.046440125
184.517618179
119.09178257
163.287234306
156.768852711
174.044767857
163.31976223
146.023644924
144.18649435
189.786413193
146.720166922
177.861413002
168.37596035
153.159549236
187.46142149
128.107455254
174.699283123
135.551477194
173.193583488
156.830574036
163.03633213
146.357197762
158.009947777
180.640295506
178.770267487
138.533245564
176.755692244
161.592665672
166.473826885
180.366328239
134.629502296
178.186693192
167.029047012
149.548537254
186.651548862
172.217393875
156.065333128
167.856129646
167.399638176
159.693124294
167.021099091
135.695349216
173.096442223
185.089972973
152.654089928
153.207360744
159.317834854
143.238861561
162.611290216
151.662614822
163.883416414
159.792567253
127.530857086
186.474058628
153.802279472
160.934551716
152.382266283
158.857197285
168.663865089
166.124694347
145.041405201
124.471831322
181.127089024
149.557760239
162.059309959
166.108914614
181.836371183
127.624464512
177.581913948
139.931348562
152.78482008
129.298131943
159.336758614
175.99253726
151.254063606
143.656293631
146.079331398
173.436523914
164.673307419
141.206259727
159.138721943
159.418997765
169.909715652
132.099199295
154.755418062
134.918015003
156.221907139
156.056674004
158.720108032
162.449477434
181.269981384
170.446399689
177.307437897
167.633888721
153.757797718
170.96441555
142.464198112
141.514115334
165.43145895
145.773541927
171.37846756
149.060024261
152.791106701
176.192765951
165.730799198
172.383997917
161.361362934
153.355799675
164.299562454
157.219377041
162.506658316
150.315432072
178.773495674
147.237845898
143.340102434
158.090250969
197.635949612
153.018055916
172.074188232
181.979314804
151.691493988
129.462165356
184.340373039
154.468479156
176.639486313
162.070380211
144.386412621
170.539424896
169.578444481
167.211286545
124.717062473
156.952991486
163.860305786
155.556361198
151.260633945
156.932079315
146.63162303
146.385636091
143.587893486
136.639790535
159.253100395
175.679497719
191.576644897
116.794326782
165.544028521
173.4824543
150.2861619
157.885377407
146.718111515
164.381989479
161.467405319
170.123116493
159.838640213
158.775000572
158.26158762
197.215980053
149.088839531
158.226313114
155.451572895
198.841145515
150.741230011
158.607374191
162.435240746
159.777795315
160.172988892
159.308868408
160.622994423
174.382053852
145.830947161
158.205380917
166.332718849
149.639705658
139.638579845
145.239282131
153.327250481
150.371410847
182.267837524
167.504379034
160.71929121
118.239067316
167.400588036
138.591566563
128.433268785
135.586442947
165.151342392
143.068636894
127.037633181
156.58919096
136.126339912
142.884485722
159.956791878
167.859737396
168.531134605
169.13497591
134.935766697
169.625118256
146.467884541
167.633682251
144.125852108
177.583174229
117.2283535
170.68921566
139.475959301
178.888848066
182.813560963
134.256029129
165.233397484
151.067909241
172.484435081
134.418277264
156.218946934
145.409707069
165.411943436
168.130997658
179.927131176
151.030144215
144.716546059
150.464921713
175.395160675
152.175786495
155.120958328
146.360007286
167.913276672
137.835600376
159.824378014
145.693154335
151.241861343
163.188284397
131.179809093
176.359512329
138.252601147
153.789509296
172.249788284
144.130274773
166.321097851
178.93764019
157.452185631
167.018796921
149.655683041
171.559117317
162.093194962
169.728448868
179.560762405
114.217813969
173.006652832
188.661578178
168.304741859
188.53745842
137.931032658
160.946454048
111.566722155
145.00369072
131.562430859
184.102684021
136.815016508
143.694325924
153.88358593
208.470988274
150.613577843
171.452180862
195.426047325
175.657889366
131.483088732
173.362300634
154.268950939
158.541556358
180.496541023
147.528730869
172.20989275
156.922694683
164.474601746
126.325437546
177.783526421
183.437524796
166.065175056
176.930669785
171.786472321
147.532182693
128.208282471
184.658447742
139.770216227
167.685838699
115.94448185
162.943533421
133.256927013
177.660322189
169.787521362
142.728430271
141.774333954
171.305501938
157.644030571
173.897731066
170.441208363
150.693665028
153.067933083
163.731215
137.473976612
157.993017673
144.037398815
164.00112915
159.86518383
152.521161079
137.518528938
129.661019802
150.281395435
161.841580868
138.05733633
152.771652699
176.201896667
155.986909866
165.820315361
140.670075417
143.647411346
143.003657341
142.383351803
121.858761311
156.60080862
136.460025549
136.308824539
115.001192093
147.806063175
130.58337307
149.444086075
169.239481926
175.791568756
135.253565311
157.587566853
152.328418732
168.410155773
161.648163319
180.842182159
160.73408556
134.688421488
120.948606014
157.419065714
158.669292927
160.738427639
125.679090977
171.21898818
146.891996384
172.683343887
140.837494373
152.392450333
155.682039261
158.482378483
166.636838913
175.884598255
157.484854221
141.45877552
167.93400383
136.137955189
155.16160965
186.778461933
195.546183586
146.212356567
171.735869884
194.636586189
145.873678684
165.377080917
185.679640293
153.44660759
172.103188038
167.622233868
155.471970558
150.596394539
151.708475113
160.875137806
166.164197922
178.501342773
165.678006649
188.496005058
189.830704689
185.857942104
190.909136772
185.305900097
160.010775566
182.584178686
199.837003708
128.715563536
184.123800278
176.454365015
180.034054279
150.363280296
190.617423534
151.753344536
175.96615696
176.979363441
152.505290747
138.675052643
179.572495461
136.550813198
153.24390173
158.761381149
156.635720015
169.447114944
107.973155499
155.311086655
128.311054707
186.60585928
168.587062836
128.690560818
165.607222557
169.509608269
157.790245533
138.011181355
143.231399536
171.775017738
139.551020622
171.573575974
149.876218319
141.210216284
159.970515728
130.280473709
157.653370619
137.285367489
139.894737005
170.3516922
155.237068415
124.384804487
151.384408474
160.463504791
177.030166388
151.343745232
155.286527157
137.138510466
131.219486237
160.721741676
136.417433262
163.744875908
119.520431995
200.44935894
124.227097511
128.962416172
135.760845661
143.076426506
164.048910141
123.422142982
144.101647377
151.613164902
136.304184437
154.225932121
143.062664032
139.907338619
157.410337925
156.767269135
164.306563377
162.289052725
135.485922337
139.110353947
146.407746315
146.0213027
167.680705547
99.1226913929
187.99143219
150.526190519
155.103572607
152.537827492
149.336956024
130.817761421
147.44439292
148.810720444
152.698888779
171.172410488
128.930457592
149.385401249
157.428707123
164.738361359
145.857824326
159.595765591
152.182447433
139.933858871
159.787698746
129.646972656
182.60550642
124.456843853
175.966668129
151.547735214
159.902328491
134.022324085
142.781860352
173.470175982
160.006505966
161.098421097
179.779145718
111.634036064
108.55240798
127.361154079
188.727537155
172.6122756
174.429469109
127.920904636
140.00621438
156.749755859
133.261308908
167.212234497
129.519052505
144.458270073
136.306257248
150.014929295
168.770991325
146.637901783
154.761357307
145.891554832
143.850953579
151.219514847
103.455803394
143.560203552
135.505919456
155.561695576
166.668148041
141.592131615
143.468633652
168.041383743
176.307854176
132.472588539
168.619091988
129.561276436
132.47139883
154.446307659
148.357102394
153.798171043
152.293135166
140.594791889
123.910159588
157.765981197
135.162804842
161.801359177
144.795231342
140.253765106
129.280375004
145.843104362
134.660972595
139.688874722
145.969638586
127.682798862
135.510070801
126.259667397
150.106967449
144.109604359
131.90135622
153.566808701
142.041632652
126.224149704
134.977839947
133.223107576
129.534251213
122.565375805
148.703079224
154.669930458
128.115257263
157.483552933
124.932116032
155.530467033
116.073561192
142.080613613
156.014220238
116.798590899
151.620407581
131.211924076
132.23665309
143.854714394
137.53417778
157.678108692
142.128688335
134.83686161
126.608789921
158.96248579
158.584331512
145.188655138
118.913400173
122.325893879
152.484663963
166.576806068
120.30110836
141.362414837
119.81795454
140.432393551
128.823019505
134.044821739
122.898133278
148.388160706
142.886288166
141.499841213
156.573865414
119.685072422
143.4373703
138.436481476
160.222031593
111.264429569
157.585379601
120.376144648
110.153815269
135.742027044
143.025030136
145.230344772
130.272876263
163.453992844
158.773018837
132.275303841
158.446939468
128.088703156
180.829112053
110.575849056
159.6866014
114.876050472
151.258550644
135.195263863
184.933200359
149.753088951
157.550879002
141.521611214
138.000357151
161.810422421
144.692198753
167.943761349
137.799659729
180.699627876
121.406330109
133.388622761
165.91029501
138.060454845
158.064957619
155.143946648
94.9152553082
162.203172684
156.093940258
97.0570073128
169.86646986
143.185194016
146.054977894
172.057048798
127.556481838
129.658771038
157.146640778
151.325088501
177.497487545
94.5398414135
155.266740322
156.845821142
177.695263863
184.246801376
209.819576263
165.248917103
187.676722527
145.476353645
178.960889101
190.283912182
181.197861671
164.352746725
169.320302725
177.983021259
137.234628677
164.684788704
177.96219492
148.183281898
138.073146343
174.197020531
119.789054394
163.726545334
198.404255867
157.689661264
175.016713142
138.242898941
238.567951679
181.623427391
99.4040598869
177.410056591
158.065878391
169.173412323
147.713432312
315.701311111
206.246464729
144.204230309
191.438919067
112.867204905
117.019586563
152.619765282
149.52839756
137.896672726
119.317547321
143.556971073
145.67006278
143.542664528
132.221572399
170.400859833
104.319765806
174.543410301
126.294244766
152.472298384
150.830400467
132.323913574
121.178951263
125.715950966
143.676678181
143.448289633
155.528441429
149.776675701
141.079288483
187.568749189
149.063468456
111.485565662
141.432959318
84.5268082619
149.965137959
145.511273861
116.343089581
152.946654797
135.654099464
135.915411949
145.693505526
125.547064543
153.325109005
152.042497635
136.679368496
146.254431725
173.694438457
136.48357439
153.944537163
139.414665699
147.2269907
159.716030598
156.627425194
125.129832745
129.670826912
134.297335625
120.351978779
133.307188034
144.379562855
150.669362068
126.999454975
130.089594841
137.399819851
152.118437767
131.984651566
152.104979515
137.994559288
131.030268192
139.872503519
171.484832764
91.4083325863
146.883744478
131.168749809
130.573352575
147.607487202
141.514373779
109.455636978
156.97265625
145.455111504
140.925898075
138.719641209
136.009606838
152.556454659
131.527012348
125.121147633
158.880320072
144.671309471
114.473735332
128.860965729
191.268955231
207.408545971
165.205213547
113.868452549
167.735998154
112.223275185
122.553715706
136.312380791
133.452655315
147.211423397
125.447844744
141.012953281
126.53872776
164.706799507
159.531722069
142.91361475
129.124677181
104.035028219
136.842189074
142.907231331
149.067967892
169.085477829
154.885075569
155.714661598
145.400564194
142.690896034
123.169856071
127.347165585
132.45102787
138.301240683
146.985704899
127.214074612
147.316973686
189.181223869
149.698856354
134.503303051
144.731836081
116.92747879
159.06578064
120.30216527
165.070202351
112.573896885
129.786815643
136.593188763
166.83959341
125.461939812
152.656674385
130.242510796
158.44405365
125.891614437
143.37885952
146.404028893
151.175058603
134.339131355
163.261586189
139.748265266
145.009745598
135.588015318
149.460201263
130.517012119
131.994093418
177.720629215
114.639618874
149.196739197
132.764570713
128.333077908
129.895261526
110.199359417
138.108588934
139.886847496
154.426326036
122.189751625
154.625441074
107.6631217
145.499256134
129.665398598
142.701710701
130.847157717
143.729888439
117.152731895
155.692486286
138.193779469
115.223441124
104.999591589
126.340614319
133.783979893
144.628540516
139.820224285
114.396986961
143.0627563
118.179356575
141.879644871
138.331513405
142.507188082
133.557242393
146.308719635
126.965980053
151.777871609
139.789871693
145.16837883
131.06525898
156.785427094
131.7237854
156.974544525
152.735281467
101.796194077
162.722590446
162.68148756
137.186246395
142.012759447
204.119470596
105.028053403
160.140743732
143.666368961
106.604239225
131.601239681
137.500352859
150.640556335
209.691273689
143.51108551
140.892765045
159.377617836
108.091484785
155.201489925
172.413205147
164.121201515
134.030478716
148.685752869
153.637395144
129.731739044
147.399859905
185.888358116
136.298284054
224.226993561
150.936908722
174.168402672
148.176375628
145.596029282
172.982522011
167.325303555
118.71904707
187.505461216
160.765353918
215.007697582
162.924523354
205.203990936
182.312299013
149.249833584
148.268915653
203.851335526
137.895103216
181.33986187
164.258685589
164.667873859
188.765093803
150.36940527
179.547893524
157.312542915
159.666334152
200.513787508
135.247585773
164.488250732
175.66972065
202.645000458
140.359918594
157.522503138
159.156332493
136.486656189
155.456534863
175.011060715
168.072081327
147.734830141
166.240354538
157.128882408
122.541780472
