11.6380100623
11.6377026215
11.6369815618
11.6362405494
11.6354909018
11.6347458437
11.6339993924
11.6332595795
11.6325033009
11.6317600161
11.6310124993
11.6302720308
11.629516691
11.6287776306
11.628046371
11.6273021847
11.6265626699
11.6258283406
11.6250828058
11.6243515387
11.6236053184
11.6228623018
11.6221284941
11.6213889495
11.6206511557
11.6199176088
11.6191923693
11.6184588
11.61772836
11.6169931218
11.6162603796
11.6155375615
11.6148118526
11.6140746325
11.6133504212
11.6126281992
11.6118969992
11.6111712605
11.6104506478
11.6097193807
11.609003827
11.6082856506
11.6075491905
11.6068307385
11.6061203629
11.6053958833
11.6046711281
11.6039614752
11.6032532603
11.6025268659
11.6018097252
11.6011001021
11.6003803536
11.5996797085
11.5989654288
11.5982512757
11.5975451395
11.596830368
11.5961306393
11.5954237655
11.5947155356
11.5940057635
11.5932906047
11.5925807655
11.5918810517
11.5911829025
11.5904810727
11.589782849
11.5890818983
11.5883881971
11.5876901597
11.5869760737
11.5862852409
11.5855907202
11.5848841518
11.5841943175
11.58350721
11.5828055516
11.582117781
11.5814327449
11.5807435736
11.5800455064
11.5793544799
11.578656055
11.5779707283
11.5772931278
11.5766090602
11.5759262294
11.5752397105
11.5745704845
11.5738853067
11.5731906369
11.5725176334
11.5718386024
11.5711595118
11.5704812631
11.5697997361
11.5691263601
11.5684574693
11.5677845627
11.5671089813
11.5664435923
11.5657710582
11.5650933757
11.5644176379
11.5637507662
11.5630921274
11.5624158606
11.5617608055
11.5610994324
11.5604250506
11.5597676933
11.5591048151
11.5584482625
11.5577974766
11.5571279228
11.5564685538
11.555811815
11.5551623702
11.5545085669
11.5538509414
11.5531959459
11.5525410846
11.5518916994
11.5512391254
11.5505922735
11.5499524772
11.5493005812
11.5486555994
11.548012577
11.5473729447
11.5467191488
11.5460750088
11.5454476848
11.5448080823
11.544159092
11.5435199365
11.5428909957
11.5422657207
11.5416195244
11.5409914553
11.5403495654
11.5397206917
11.5390861928
11.5384498313
11.5378315821
11.5372046977
11.5365850776
11.5359516516
11.5353404954
11.5347090811
11.5340790078
11.5334598571
11.5328320339
11.5322152898
11.5316002518
11.530988805
11.5303679556
11.5297596902
11.5291542709
11.5285171792
11.5279230848
11.5272983089
11.5266850889
11.5260884985
11.5254807919
11.5248740688
11.5242765844
11.5236678347
11.5230744258
11.5224769264
11.5218695402
11.5212593675
11.5206612349
11.5200668648
11.5194715932
11.518883884
11.5182989538
11.5177009776
11.5171004534
11.5164944082
11.5159119293
11.5153267384
11.5147390887
11.5141618326
11.5135672987
11.5129883438
11.512406081
11.5118303746
11.5112488568
11.5106627122
11.510086529
11.5095203072
11.5089508668
11.508372955
11.5078151822
11.5072381198
11.5066581368
11.5060887411
11.5055187866
11.5049481168
11.504389286
11.5038307235
11.5032653958
11.5027074665
11.5021516159
11.501592651
11.5010394305
11.5004760101
11.4999226779
11.4993680269
11.4988166243
11.4982645959
11.4977230355
11.4971758276
11.4966366217
11.4960701466
11.4955330268
11.4949895293
11.4944426864
11.4939058721
11.493370235
11.4928304106
11.492293559
11.4917627946
11.4912329465
11.4906960577
11.4901540726
11.4896336719
11.4890935943
11.4885712117
11.4880430549
11.4875282273
11.4869999886
11.4864821807
11.485955663
11.4854391515
11.4849267378
11.4843971878
11.483879678
11.4833711684
11.4828558043
11.4823483452
11.4818354249
11.4813225269
11.4808228537
11.4803182334
11.4798161089
11.4793103039
11.4788112119
11.4783029258
11.4778138176
11.477308102
11.4768089056
11.4763184115
11.4758194908
11.4753220677
11.4748406112
11.4743551612
11.4738707691
11.4733836502
11.4728884995
11.4724137187
11.471928969
11.4714513272
11.4709713385
11.4705061316
11.4700228348
11.4695494696
11.4690780714
11.4686210603
11.4681422487
11.4676676914
11.4672115594
11.4667422399
11.4662769511
11.4658214971
11.465367347
11.4649168551
11.4644469097
11.463991195
11.4635379687
11.4630881324
11.4626317397
11.4621794596
11.4617356211
11.4612941146
11.4608512744
11.4603996277
11.4599472433
11.4595184028
11.4590732977
11.4586333334
11.458195135
11.4577680528
11.4573338553
11.456902869
11.4564857334
11.4560534656
11.455616191
11.455191575
11.4547689557
11.4543461353
11.4539304972
11.4535221681
11.4531059116
11.4526901245
11.452269502
11.4518567994
11.4514509887
11.4510396123
11.4506386369
11.4502364025
11.4498293772
11.4494244531
11.4490248337
11.4486330748
11.4482333735
11.4478423446
11.4474449828
11.4470655695
11.4466689005
11.4462800547
11.4458760619
11.4455001503
11.4451185241
11.4447316825
11.4443546087
11.443987757
11.4436072484
11.4432305023
11.4428648502
11.4424993917
11.4421172664
11.441753678
11.4413856193
11.4410234019
11.4406714588
11.4403200001
11.4399643391
11.439596273
11.4392409623
11.4388918206
11.4385370687
11.438185744
11.4378554672
11.4375084564
11.4371670038
11.4368219823
11.4364849329
11.4361498132
11.4357928559
11.4354669079
11.4351403564
11.4348145053
11.4344839826
11.4341445193
11.4338197559
11.4335045815
11.4331806749
11.4328643456
11.4325415865
11.4322251678
11.4319186658
11.4315993041
11.4312962666
11.4309886694
11.430685319
11.4303822219
11.4300737604
11.429783076
11.4294831678
11.4291838929
11.4288859218
11.4285893515
11.4282976687
11.4280092642
11.4277231842
11.4274377674
11.4271617085
11.4268882424
11.4265989214
11.4263321757
11.4260433316
11.4257771745
11.4255099073
11.425241828
11.424981311
11.4247159362
11.4244549423
11.4241848588
11.4239268303
11.4236683026
11.4234129116
11.4231588542
11.422917895
11.4226743057
11.4224303886
11.4221872687
11.4219494313
11.4217049554
11.421462439
11.4212395623
11.4210028052
11.4207717255
11.4205466658
11.4203080162
11.4200908467
11.4198728353
11.4196626544
11.4194460437
11.4192281738
11.4190229997
11.4187933654
11.4185911044
11.4183840975
11.4181809649
11.4179824293
11.4177842513
11.4175875857
11.4173930511
11.4171801284
11.4169863164
11.4168078825
11.4166145697
11.4164245352
11.4162377566
11.4160627201
11.4158866778
11.4157091305
11.4155318066
11.415360935
11.415200226
11.4150324166
11.4148626626
11.4147030339
11.4145438299
11.41438061
11.4142310619
11.414073579
11.4139220417
11.413768284
11.4136311486
11.4134776667
11.4133294076
11.4131938666
11.4130609557
11.4129341692
11.4128059447
11.412657395
11.4125380442
11.4124066979
11.4122834876
11.4121607095
11.4120407999
11.4119355679
11.4118243903
11.4117224291
11.4116031006
11.4114891812
11.4113914818
11.4112915397
11.4111927077
11.4111059979
11.4110073447
11.4109132662
11.4108253792
11.410737671
11.4106505066
11.4105691686
11.4105012044
11.4104153737
11.4103360996
11.4102810472
11.4102125987
11.4101399034
11.4100703821
11.4100188613
11.4099566713
11.4099021852
11.4098549187
11.4098099321
11.409769766
11.4097290486
11.409683764
11.4096516073
11.4096148536
11.4095867053
11.4095513076
11.4095255882
11.4094874263
11.4094621614
11.4094440416
11.4094250873
11.409403719
11.4093984291
11.4093771577
11.4093585908
11.4093405753
11.4093432799
