-5.965669751167297363e-01,-7.869118452072143555e-01,1.446354866027832031e+00,-6.129634976387023926e-01,-5.234785676002502441e-01,-6.573081612586975098e-01,8.776071071624755859e-01,-6.021615862846374512e-01,-6.881414651870727539e-01,-5.642537474632263184e-01,-5.754567384719848633e-01,-7.616025209426879883e-01,-7.084549069404602051e-01,5.571251511573791504e-01,-6.951017379760742188e-01,-6.059356331825256348e-01,-5.715031623840332031e-01,-5.686935782432556152e-01,-7.533679604530334473e-01,1.493930101394653320e+00
-2.800178527832031250e+00,-2.916995763778686523e+00,3.336620926856994629e-01,-2.604791641235351562e+00,-2.587858200073242188e+00,-2.843610763549804688e+00,-1.219676971435546875e+00,-2.659883022308349609e+00,-2.833266735076904297e+00,-2.632040262222290039e+00,-2.828751087188720703e+00,-2.635153770446777344e+00,-2.931795120239257812e+00,-1.594981551170349121e+00,-2.654229640960693359e+00,-2.571481227874755859e+00,-2.863643169403076172e+00,-2.866116046905517578e+00,-2.981064081192016602e+00,6.326609849929809570e-01
-2.946486473083496094e+00,-2.676760435104370117e+00,5.274312496185302734e-01,-2.651091575622558594e+00,-2.717743635177612305e+00,-2.615241289138793945e+00,-1.152982234954833984e+00,-2.833009481430053711e+00,-2.651506900787353516e+00,-2.836335897445678711e+00,-2.811049461364746094e+00,-2.712474107742309570e+00,-2.727000713348388672e+00,-1.338104009628295898e+00,-2.525686264038085938e+00,-2.703752517700195312e+00,-2.884198904037475586e+00,-2.860105037689208984e+00,-2.747511148452758789e+00,5.227227210998535156e-01
2.381456494331359863e-01,1.693406701087951660e-01,1.268207788467407227e+00,3.194568753242492676e-01,4.056613147258758545e-01,2.406837195158004761e-01,1.331859827041625977e+00,3.048042356967926025e-01,2.439287751913070679e-01,7.494606822729110718e-02,1.193880811333656311e-01,2.899228334426879883e-01,6.898257881402969360e-02,1.310142278671264648e+00,3.007485866546630859e-01,3.575455248355865479e-01,1.150066927075386047e-01,2.487575709819793701e-01,1.802631914615631104e-01,1.267525911331176758e+00
8.832143247127532959e-02,2.453761994838714600e-01,1.245690107345581055e+00,2.737025320529937744e-01,2.988351583480834961e-01,1.120471134781837463e-01,1.175040721893310547e+00,2.742319107055664062e-01,3.374463319778442383e-01,3.898466527462005615e-01,4.321236610412597656e-01,2.190399914979934692e-01,2.268813550472259521e-01,1.250918745994567871e+00,1.857468634843826294e-01,2.104791253805160522e-01,4.308626428246498108e-02,1.201852262020111084e-01,3.582685589790344238e-01,1.357076764106750488e+00
2.386126667261123657e-01,2.528592348098754883e-01,1.305233836174011230e+00,1.484783589839935303e-01,3.615523874759674072e-01,1.438511759042739868e-01,1.418355345726013184e+00,3.556495904922485352e-01,1.662710905075073242e-01,3.853305876255035400e-01,2.624376714229583740e-01,3.176500797271728516e-01,3.988593220710754395e-01,1.126255750656127930e+00,1.951231248676776886e-02,3.222081437706947327e-02,6.570091098546981812e-02,1.069220080971717834e-01,1.600480675697326660e-01,1.279461383819580078e+00
2.358789294958114624e-01,1.110945120453834534e-01,1.469776868820190430e+00,2.374877482652664185e-01,3.478199243545532227e-01,2.516855895519256592e-01,1.021577954292297363e+00,1.766403764486312866e-01,-1.154115796089172363e-02,2.624340057373046875e-01,3.183459937572479248e-01,5.167843103408813477e-01,2.067489176988601685e-01,1.027409553527832031e+00,1.979362368583679199e-01,5.534287691116333008e-01,2.064249813556671143e-01,1.948200017213821411e-01,2.811412215232849121e-01,1.500638246536254883e+00
2.954703569412231445e-01,2.397323548793792725e-01,1.437380313873291016e+00,2.765295505523681641e-01,3.436243534088134766e-01,2.495819628238677979e-01,1.188429355621337891e+00,2.074530124664306641e-01,3.305604755878448486e-01,3.051626384258270264e-01,1.041874065995216370e-01,1.879039406776428223e-01,3.672227496281266212e-03,1.136644124984741211e+00,3.754678964614868164e-01,1.742620915174484253e-01,2.685396969318389893e-01,2.909871637821197510e-01,1.761703640222549438e-01,1.380961060523986816e+00
8.189724385738372803e-02,2.791531682014465332e-01,1.449827671051025391e+00,2.254033237695693970e-01,1.681935489177703857e-01,3.397037982940673828e-01,1.181972861289978027e+00,1.019253581762313843e-01,1.304266899824142456e-01,2.605093717575073242e-01,3.396131098270416260e-01,3.816590011119842529e-01,1.338550001382827759e-01,1.238522648811340332e+00,3.213756680488586426e-01,2.320642918348312378e-01,1.788127571344375610e-01,2.533794939517974854e-01,1.529344320297241211e-01,1.301960229873657227e+00
-2.842611312866210938e+00,-3.134299993515014648e+00,4.489277899265289307e-01,-2.664552450180053711e+00,-2.521539211273193359e+00,-2.786270141601562500e+00,-1.073869943618774414e+00,-2.740770816802978516e+00,-2.845930099487304688e+00,-2.714206695556640625e+00,-2.769046545028686523e+00,-2.883782625198364258e+00,-2.822229146957397461e+00,-1.307886362075805664e+00,-2.677691698074340820e+00,-2.766540765762329102e+00,-2.876633644104003906e+00,-2.803877592086791992e+00,-2.837148427963256836e+00,6.451873779296875000e-01
3.488250970840454102e-01,1.500993669033050537e-01,1.456251502037048340e+00,2.647758126258850098e-01,4.076764583587646484e-01,2.505515515804290771e-01,1.263298273086547852e+00,1.784744113683700562e-01,3.697368204593658447e-01,2.345753461122512817e-01,1.570090800523757935e-01,1.963886916637420654e-01,2.409560382366180420e-01,1.043658971786499023e+00,3.771606385707855225e-01,2.520241141319274902e-01,2.486870735883712769e-01,2.782312929630279541e-01,1.701195389032363892e-01,1.638139247894287109e+00
1.263691037893295288e-01,1.292472928762435913e-01,1.488417148590087891e+00,1.439525783061981201e-01,4.098139405250549316e-01,5.623865872621536255e-02,1.246948242187500000e+00,1.114256307482719421e-01,3.269443511962890625e-01,2.562095522880554199e-01,1.581782698631286621e-01,1.964115500450134277e-01,3.004572093486785889e-01,1.137973666191101074e+00,3.474286198616027832e-01,3.002131283283233643e-01,2.186507284641265869e-01,2.515914142131805420e-01,2.262588590383529663e-01,1.473596453666687012e+00
7.785406708717346191e-02,1.605691909790039062e-01,1.284527063369750977e+00,2.764304280281066895e-01,3.149415254592895508e-01,1.094513162970542908e-01,1.243082404136657715e+00,3.209038376808166504e-01,1.864600330591201782e-01,1.494439840316772461e-01,8.448525518178939819e-02,3.652583062648773193e-01,1.739881932735443115e-01,1.083616256713867188e+00,2.462672442197799683e-01,4.041988551616668701e-01,3.118288815021514893e-01,1.932156682014465332e-01,3.097168505191802979e-01,1.325709939002990723e+00
-6.254019141197204590e-01,-7.171039581298828125e-01,1.423831462860107422e+00,-6.937612891197204590e-01,-6.080033183097839355e-01,-8.115462660789489746e-01,9.236069917678833008e-01,-7.645298838615417480e-01,-6.592149734497070312e-01,-6.665086150169372559e-01,-6.667234897613525391e-01,-5.899233818054199219e-01,-7.821473479270935059e-01,5.226786732673645020e-01,-8.083156347274780273e-01,-6.410195231437683105e-01,-6.860750913619995117e-01,-6.920182108879089355e-01,-7.543992400169372559e-01,1.575547814369201660e+00
2.995500266551971436e-01,3.344086110591888428e-01,1.410538196563720703e+00,4.021296203136444092e-01,4.403627216815948486e-01,3.755565881729125977e-01,1.111414194107055664e+00,6.029435992240905762e-02,1.649058759212493896e-01,5.531740784645080566e-01,2.362366169691085815e-01,2.870517969131469727e-01,2.526185512542724609e-01,1.306108832359313965e+00,2.135097682476043701e-01,2.734718322753906250e-01,1.366949379444122314e-01,2.078370600938796997e-01,1.667558252811431885e-01,1.474315285682678223e+00
2.365433126688003540e-01,1.776069551706314087e-01,1.318165302276611328e+00,2.689733207225799561e-01,3.898374140262603760e-01,1.382366269826889038e-01,1.107393383979797363e+00,3.107970058917999268e-01,3.795881569385528564e-01,2.221904695034027100e-01,3.015312254428863525e-01,7.765465974807739258e-02,3.326986134052276611e-01,1.222811222076416016e+00,1.132584065198898315e-01,3.103447556495666504e-01,1.650765687227249146e-01,2.451663166284561157e-01,3.220140039920806885e-01,1.449808359146118164e+00
2.168097943067550659e-01,1.872658282518386841e-01,1.402289152145385742e+00,3.551687300205230713e-01,4.925337731838226318e-01,2.631250321865081787e-01,1.353812932968139648e+00,2.186549305915832520e-01,2.657803297042846680e-01,3.455720841884613037e-01,2.566141486167907715e-01,2.181424349546432495e-01,1.300455778837203979e-01,1.170768380165100098e+00,2.391814440488815308e-01,2.581960558891296387e-01,3.855434954166412354e-01,3.423713520169258118e-02,1.969703435897827148e-01,1.285095572471618652e+00
1.517881751060485840e-01,3.128626942634582520e-01,1.386831879615783691e+00,3.513157367706298828e-01,1.563590168952941895e-01,9.418080747127532959e-02,1.120521664619445801e+00,1.880139112472534180e-01,1.249651387333869934e-01,2.170891910791397095e-01,1.847008168697357178e-01,2.309082821011543274e-02,2.980688214302062988e-01,1.125607728958129883e+00,2.617307305335998535e-01,2.693217694759368896e-01,4.465146958827972412e-01,2.405165135860443115e-01,2.821523249149322510e-01,1.393912553787231445e+00
1.259185969829559326e-01,3.083496689796447754e-01,1.447227597236633301e+00,1.185940578579902649e-01,3.418933451175689697e-01,3.264092206954956055e-01,1.273364543914794922e+00,1.205031499266624451e-01,2.092522233724594116e-01,3.610812127590179443e-01,1.017151102423667908e-01,1.989393681287765503e-01,1.458301395177841187e-01,1.414482235908508301e+00,3.021943867206573486e-01,2.196636348962783813e-01,7.141580432653427124e-02,2.898535430431365967e-01,1.474436670541763306e-01,1.344118595123291016e+00
2.330369502305984497e-01,1.751349568367004395e-01,1.397388935089111328e+00,2.106290459632873535e-01,3.710253834724426270e-01,3.913770616054534912e-01,1.207565069198608398e+00,4.447454512119293213e-01,2.030946612358093262e-01,2.042242437601089478e-01,3.586688637733459473e-01,2.639600932598114014e-01,2.764024436473846436e-01,1.188699722290039062e+00,2.539522945880889893e-01,4.234640896320343018e-01,1.244529411196708679e-01,2.173335403203964233e-01,1.083778217434883118e-01,1.463849186897277832e+00
