XValue
Actual
Predicted
26.0
0.13813,0.49879,2.861,3.0525,0.70076,0.27014,0.13736,0.079719,0.050609,0.034328,0.024082,
0.124238,0.481105,2.88354,2.93886,0.652617,0.251992,0.125986,0.0716122,0.0394404,0.0345763,0.0168383,
32.5
0.0071045,0.042857,0.55115,0.061817,0.017423,0.0077515,0.0042568,0.0025932,0.0017,0.0011794,0.00084172,
0.249983,0.782464,2.99362,6.44915,2.10765,0.768867,0.370518,0.210371,0.134088,0.0801201,0.0485563,
18.0
0.039252,0.18704,1.932,0.48916,0.12223,0.051559,0.027542,0.016491,0.010688,0.0073553,0.0052175,
0.793072,1.94415,3.43341,4.8306,4.02129,4.42413,4.80134,4.60659,3.95896,3.12512,2.33232,
