XValue
Actual
Predicted
26.0
0.13813,0.49879,2.861,3.0525,0.70076,0.27014,0.13736,0.079719,0.050609,0.034328,0.024082,
0.12353,0.479493,2.90646,2.93819,0.649111,0.251025,0.124644,0.0713118,0.040824,0.0337825,0.0183822,
32.5
0.0071045,0.042857,0.55115,0.061817,0.017423,0.0077515,0.0042568,0.0025932,0.0017,0.0011794,0.00084172,
0.250124,0.783652,2.98749,6.44118,2.1139,0.765095,0.371495,0.212418,0.134965,0.0844832,0.049332,
18.0
0.039252,0.18704,1.932,0.48916,0.12223,0.051559,0.027542,0.016491,0.010688,0.0073553,0.0052175,
0.79399,1.94587,3.43342,4.83687,4.01484,4.41604,4.80422,4.61699,3.96236,3.12039,2.33876,
