XValue
Actual
Predicted
26.0
0.13813,0.49879,2.861,3.0525,0.70076,0.27014,0.13736,0.079719,0.050609,0.034328,0.024082,
0.125609,0.482937,2.86265,2.93276,0.654408,0.253127,0.126777,0.0714531,0.0381877,0.0310661,0.0145631,
32.5
0.0071045,0.042857,0.55115,0.061817,0.017423,0.0077515,0.0042568,0.0025932,0.0017,0.0011794,0.00084172,
0.248943,0.781611,3.00729,6.4434,2.10002,0.773243,0.369689,0.207642,0.13181,0.0780872,0.0467424,
18.0
0.039252,0.18704,1.932,0.48916,0.12223,0.051559,0.027542,0.016491,0.010688,0.0073553,0.0052175,
0.792473,1.94197,3.43073,4.81275,4.02841,4.44711,4.80557,4.59733,3.94447,3.11413,2.3172,
