XValue
Actual
Predicted
26.0
0.13813,0.49879,2.861,3.0525,0.70076,0.27014,0.13736,0.079719,0.050609,0.034328,0.024082,
0.123667,0.47906,2.91752,2.93883,0.645206,0.24961,0.123424,0.0702025,0.040905,0.0314026,0.0183016,
32.5
0.0071045,0.042857,0.55115,0.061817,0.017423,0.0077515,0.0042568,0.0025932,0.0017,0.0011794,0.00084172,
0.249466,0.78415,2.9907,6.42943,2.11703,0.762682,0.371882,0.213163,0.134898,0.088122,0.0495603,
18.0
0.039252,0.18704,1.932,0.48916,0.12223,0.051559,0.027542,0.016491,0.010688,0.0073553,0.0052175,
0.795174,1.94682,3.43297,4.83127,4.01695,4.42138,4.80943,4.62043,3.95315,3.10812,2.33731,
