XValue
Actual
Predicted
26.0
0.13813,0.49879,2.861,3.0525,0.70076,0.27014,0.13736,0.079719,0.050609,0.034328,0.024082,
0.125161,0.478716,2.92441,2.94144,0.639853,0.245138,0.11919,0.0670586,0.0405789,0.0284455,0.0177209,
32.5
0.0071045,0.042857,0.55115,0.061817,0.017423,0.0077515,0.0042568,0.0025932,0.0017,0.0011794,0.00084172,
0.249457,0.784154,3.00249,6.40866,2.11983,0.756484,0.369003,0.21345,0.133885,0.0940408,0.0510425,
18.0
0.039252,0.18704,1.932,0.48916,0.12223,0.051559,0.027542,0.016491,0.010688,0.0073553,0.0052175,
0.799205,1.9479,3.43341,4.81357,4.02954,4.43059,4.81096,4.61682,3.93289,3.0899,2.33423,
