XValue
Actual
Predicted
26.0
0.13813,0.49879,2.861,3.0525,0.70076,0.27014,0.13736,0.079719,0.050609,0.034328,0.024082,
0.140149,0.444279,2.50492,3.06165,0.877186,0.27107,0.115097,0.0472021,0.106332,0.055881,0.0314042,
32.5
0.0071045,0.042857,0.55115,0.061817,0.017423,0.0077515,0.0042568,0.0025932,0.0017,0.0011794,0.00084172,
0.266679,0.813376,3.0966,5.78136,2.50902,0.813511,0.297169,0.196655,0.20438,0.122707,0.11767,
18.0
0.039252,0.18704,1.932,0.48916,0.12223,0.051559,0.027542,0.016491,0.010688,0.0073553,0.0052175,
0.831439,1.98489,3.48304,4.50333,4.52302,4.44568,4.36555,4.06641,3.63397,3.12896,2.59982,
