XValue
Actual
Predicted
26.0
0.13813,0.49879,2.861,3.0525,0.70076,0.27014,0.13736,0.079719,0.050609,0.034328,0.024082,
-1.45401,0.894751,-0.117854,0.616141,0.196333,1.576,0.77472,0.88758,1.10958,0.550262,-0.4387,
32.5
0.0071045,0.042857,0.55115,0.061817,0.017423,0.0077515,0.0042568,0.0025932,0.0017,0.0011794,0.00084172,
-1.4536,0.894837,-0.117598,0.616602,0.196174,1.57568,0.772897,0.887506,1.10881,0.552921,-0.439193,
18.0
0.039252,0.18704,1.932,0.48916,0.12223,0.051559,0.027542,0.016491,0.010688,0.0073553,0.0052175,
-1.45156,0.895384,-0.11764,0.619161,0.195319,1.57113,0.769769,0.886943,1.10629,0.55833,-0.441822,
