XValue
Actual
Predicted
26.0
0.13813,0.49879,2.861,3.0525,0.70076,0.27014,0.13736,0.079719,0.050609,0.034328,0.024082,
0.129291,0.482413,2.85858,2.95175,0.653546,0.244055,0.123352,0.0687991,0.039458,0.0340477,0.0166042,
32.5
0.0071045,0.042857,0.55115,0.061817,0.017423,0.0077515,0.0042568,0.0025932,0.0017,0.0011794,0.00084172,
0.251864,0.780286,3.00974,6.45988,2.0967,0.763818,0.365059,0.204769,0.132207,0.0824057,0.0493246,
18.0
0.039252,0.18704,1.932,0.48916,0.12223,0.051559,0.027542,0.016491,0.010688,0.0073553,0.0052175,
0.795572,1.93988,3.4294,4.82079,4.02707,4.44126,4.80061,4.59548,3.94304,3.11433,2.3158,
