XValue
Actual
Predicted
26.0
0.13813,0.49879,2.861,3.0525,0.70076,0.27014,0.13736,0.079719,0.050609,0.034328,0.024082,
0.126127,0.478873,2.92175,2.94471,0.635305,0.245411,0.116283,0.0625307,0.040078,0.0230728,0.0146669,
32.5
0.0071045,0.042857,0.55115,0.061817,0.017423,0.0077515,0.0042568,0.0025932,0.0017,0.0011794,0.00084172,
0.249569,0.785236,3.02525,6.37116,2.12519,0.753993,0.366577,0.216609,0.131234,0.0995781,0.0531269,
18.0
0.039252,0.18704,1.932,0.48916,0.12223,0.051559,0.027542,0.016491,0.010688,0.0073553,0.0052175,
0.804344,1.94914,3.4351,4.77252,4.06021,4.45112,4.80807,4.59762,3.89841,3.06644,2.33275,
