XValue
Actual
Predicted
26.0
0.13813,0.49879,2.861,3.0525,0.70076,0.27014,0.13736,0.079719,0.050609,0.034328,0.024082,
0.126118,0.445738,2.18397,2.59864,1.54801,0.905848,0.51887,0.173017,0.00383699,-0.0660697,-0.156399,
32.5
0.0071045,0.042857,0.55115,0.061817,0.017423,0.0077515,0.0042568,0.0025932,0.0017,0.0011794,0.00084172,
0.283387,0.768099,2.59461,3.32697,2.47512,1.69809,1.27764,0.869332,0.640867,0.410144,0.304235,
18.0
0.039252,0.18704,1.932,0.48916,0.12223,0.051559,0.027542,0.016491,0.010688,0.0073553,0.0052175,
0.786364,1.92797,3.6344,5.30996,5.12585,4.45142,3.96845,3.54158,3.10287,2.64832,2.23737,
