XValue
Actual
Predicted
26.0
0.13813,0.49879,2.861,3.0525,0.70076,0.27014,0.13736,0.079719,0.050609,0.034328,0.024082,
0.125089,0.479646,2.8947,2.94605,0.650785,0.246504,0.122553,0.0703413,0.0404804,0.036702,0.0187945,
32.5
0.0071045,0.042857,0.55115,0.061817,0.017423,0.0077515,0.0042568,0.0025932,0.0017,0.0011794,0.00084172,
0.251472,0.782233,2.98943,6.4541,2.10982,0.761332,0.367651,0.210087,0.13486,0.0839201,0.0501992,
18.0
0.039252,0.18704,1.932,0.48916,0.12223,0.051559,0.027542,0.016491,0.010688,0.0073553,0.0052175,
0.794649,1.9441,3.43392,4.84078,4.01712,4.41153,4.79684,4.61079,3.9636,3.12719,2.33776,
