XValue
Actual
Predicted
26.0
0.13813,0.49879,2.861,3.0525,0.70076,0.27014,0.13736,0.079719,0.050609,0.034328,0.024082,
0.125132,0.459116,2.7521,3.07711,0.657549,0.244886,0.12149,0.0350783,0.0404647,0.0170019,0.0120609,
32.5
0.0071045,0.042857,0.55115,0.061817,0.017423,0.0077515,0.0042568,0.0025932,0.0017,0.0011794,0.00084172,
0.263718,0.806035,3.18162,6.1835,2.19706,0.754429,0.360225,0.25286,0.145448,0.0984985,0.0616579,
18.0
0.039252,0.18704,1.932,0.48916,0.12223,0.051559,0.027542,0.016491,0.010688,0.0073553,0.0052175,
0.813975,1.96687,3.47055,4.53918,4.36167,4.5118,4.57297,4.25053,3.68652,3.05774,2.46855,
