XValue
Actual
Predicted
26.0
0.13813,0.49879,2.861,3.0525,0.70076,0.27014,0.13736,0.079719,0.050609,0.034328,0.024082,
0.126249,0.476338,2.87305,2.99115,0.626985,0.251387,0.115692,0.0472431,0.0380959,0.0140225,0.00907798,
32.5
0.0071045,0.042857,0.55115,0.061817,0.017423,0.0077515,0.0042568,0.0025932,0.0017,0.0011794,0.00084172,
0.253224,0.789423,3.09958,6.28193,2.14737,0.75301,0.362323,0.234736,0.128176,0.104822,0.0567406,
18.0
0.039252,0.18704,1.932,0.48916,0.12223,0.051559,0.027542,0.016491,0.010688,0.0073553,0.0052175,
0.812998,1.95174,3.44805,4.64472,4.18235,4.50322,4.7519,4.46931,3.78914,3.03383,2.36347,
