XValue
Actual
Predicted
26.0
0.13813,0.49879,2.861,3.0525,0.70076,0.27014,0.13736,0.079719,0.050609,0.034328,0.024082,
0.127135,0.450521,2.65628,3.09829,0.726329,0.242759,0.13257,0.0385145,0.0652459,0.0247741,0.0145819,
32.5
0.0071045,0.042857,0.55115,0.061817,0.017423,0.0077515,0.0042568,0.0025932,0.0017,0.0011794,0.00084172,
0.268638,0.816442,3.19338,6.06623,2.27184,0.760451,0.351412,0.234295,0.177658,0.106284,0.0709778,
18.0
0.039252,0.18704,1.932,0.48916,0.12223,0.051559,0.027542,0.016491,0.010688,0.0073553,0.0052175,
0.824072,1.97731,3.47757,4.51384,4.4481,4.4784,4.45763,4.14265,3.65665,3.09229,2.5368,
