XValue
Actual
Predicted
26.0
0.13813,0.49879,2.861,3.0525,0.70076,0.27014,0.13736,0.079719,0.050609,0.034328,0.024082,
0.12028,0.439038,2.24112,2.90456,1.31469,0.478712,0.0757268,-0.0502334,-0.150298,-0.126026,-0.0935802,
32.5
0.0071045,0.042857,0.55115,0.061817,0.017423,0.0077515,0.0042568,0.0025932,0.0017,0.0011794,0.00084172,
0.252446,0.737903,2.81714,4.17112,2.82223,1.50124,0.806692,0.412931,0.143131,-0.149918,-0.0648286,
18.0
0.039252,0.18704,1.932,0.48916,0.12223,0.051559,0.027542,0.016491,0.010688,0.0073553,0.0052175,
0.819275,1.97314,3.47101,4.77008,4.90648,4.56369,4.28124,3.88225,3.43631,3.07549,2.52215,
