XValue
Actual
Predicted
26.0
0.13813,0.49879,2.861,3.0525,0.70076,0.27014,0.13736,0.079719,0.050609,0.034328,0.024082,
0.443458,1.26243,2.95112,3.94859,3.4727,2.86497,2.47452,2.02334,1.71717,1.46507,1.15714,
32.5
0.0071045,0.042857,0.55115,0.061817,0.017423,0.0077515,0.0042568,0.0025932,0.0017,0.0011794,0.00084172,
0.481152,1.29312,2.99336,4.04946,3.55807,2.92553,2.51545,2.09542,1.77932,1.50664,1.21193,
18.0
0.039252,0.18704,1.932,0.48916,0.12223,0.051559,0.027542,0.016491,0.010688,0.0073553,0.0052175,
0.587387,1.38197,3.10652,4.33242,3.7961,3.09839,2.63052,2.30548,1.96077,1.6283,1.3702,
