XValue
Actual
Predicted
26.0
0.13813,0.49879,2.861,3.0525,0.70076,0.27014,0.13736,0.079719,0.050609,0.034328,0.024082,
0.126939,0.482151,2.86843,2.93941,0.654162,0.24961,0.124474,0.0707275,0.0388033,0.0341113,0.0161893,
32.5
0.0071045,0.042857,0.55115,0.061817,0.017423,0.0077515,0.0042568,0.0025932,0.0017,0.0011794,0.00084172,
0.250965,0.781234,3.00388,6.44981,2.10291,0.768655,0.367641,0.207427,0.133173,0.0801046,0.0483283,
18.0
0.039252,0.18704,1.932,0.48916,0.12223,0.051559,0.027542,0.016491,0.010688,0.0073553,0.0052175,
0.79452,1.94177,3.432,4.82169,4.02654,4.43536,4.80039,4.59862,3.94975,3.12078,2.32392,
