XValue
Actual
Predicted
26.0
0.13813,0.49879,2.861,3.0525,0.70076,0.27014,0.13736,0.079719,0.050609,0.034328,0.024082,
0.127428,0.481023,2.87494,2.95131,0.652157,0.2445,0.122678,0.0694055,0.0394687,0.0371161,0.0178755,
32.5
0.0071045,0.042857,0.55115,0.061817,0.017423,0.0077515,0.0042568,0.0025932,0.0017,0.0011794,0.00084172,
0.252166,0.780764,2.99865,6.46093,2.10338,0.761981,0.365867,0.207048,0.134153,0.082514,0.0501033,
18.0
0.039252,0.18704,1.932,0.48916,0.12223,0.051559,0.027542,0.016491,0.010688,0.0073553,0.0052175,
0.79548,1.94161,3.43269,4.83393,4.02323,4.42302,4.79671,4.60113,3.95453,3.12532,2.32928,
