XValue
Actual
Predicted
26.0
0.13813,0.49879,2.861,3.0525,0.70076,0.27014,0.13736,0.079719,0.050609,0.034328,0.024082,
0.126003,0.468668,2.82153,3.03227,0.63122,0.248756,0.115826,0.0389115,0.0365351,0.0151314,0.0105222,
32.5
0.0071045,0.042857,0.55115,0.061817,0.017423,0.0077515,0.0042568,0.0025932,0.0017,0.0011794,0.00084172,
0.258551,0.794779,3.1421,6.23996,2.16733,0.751431,0.360569,0.246139,0.133401,0.102261,0.058546,
18.0
0.039252,0.18704,1.932,0.48916,0.12223,0.051559,0.027542,0.016491,0.010688,0.0073553,0.0052175,
0.812845,1.9591,3.46239,4.58425,4.26752,4.51738,4.68033,4.36744,3.73074,3.03672,2.40749,
