-1.110111594200134277e+00,-8.656244874000549316e-01,-1.343631148338317871e+00,-9.341101646423339844e-01,-1.461174726486206055e+00,-9.278393983840942383e-01,-8.251826763153076172e-01,-1.284636735916137695e+00,-9.617558121681213379e-01,-1.496870994567871094e+00,-1.569978713989257812e+00,-7.839522361755371094e-01,-9.188553094863891602e-01,-6.337769031524658203e-01,-1.104786396026611328e+00,-5.576078891754150391e-01,-8.236097097396850586e-01,-6.594052910804748535e-01,-1.231755852699279785e+00,-1.463935136795043945e+00
-1.109137177467346191e+00,-1.414037227630615234e+00,-1.294501543045043945e+00,-1.230610966682434082e+00,-1.431912183761596680e+00,-1.210740923881530762e+00,-1.081659317016601562e+00,-1.251681208610534668e+00,-2.909545421600341797e+00,-1.509651899337768555e+00,-1.544155001640319824e+00,-1.378558278083801270e+00,-9.062141776084899902e-01,-8.039484620094299316e-01,-1.305546164512634277e+00,-6.764333844184875488e-01,-1.954102993011474609e+00,-1.616815447807312012e+00,-1.281262874603271484e+00,-1.325758695602416992e+00
-8.205743432044982910e-01,-1.367823362350463867e+00,-1.313859939575195312e+00,-1.273578763008117676e+00,-1.214236021041870117e+00,-1.248688817024230957e+00,-1.116169929504394531e+00,-1.111883163452148438e+00,-2.922568321228027344e+00,-1.684705853462219238e+00,-1.371668696403503418e+00,-1.191462397575378418e+00,-9.019905924797058105e-01,-8.702220320701599121e-01,-1.049581408500671387e+00,-6.234472393989562988e-01,-2.129886627197265625e+00,-1.425643682479858398e+00,-1.279368162155151367e+00,-1.231758832931518555e+00
1.480815052986145020e+00,6.662123203277587891e-01,2.105094194412231445e+00,1.616114616394042969e+00,2.254743099212646484e+00,7.233540415763854980e-01,1.462477564811706543e+00,1.959051251411437988e+00,2.354457825422286987e-01,2.168235301971435547e+00,2.136854410171508789e+00,1.052016139030456543e+00,2.396875858306884766e+00,2.138333082199096680e+00,1.811045169830322266e+00,1.963704109191894531e+00,5.040072798728942871e-01,4.268835783004760742e-01,2.238233804702758789e+00,2.178929567337036133e+00
1.404087305068969727e+00,-7.350238505750894547e-03,2.238078594207763672e+00,9.190065264701843262e-01,1.953230381011962891e+00,1.091620698571205139e-01,7.448440194129943848e-01,1.716605424880981445e+00,-5.024033412337303162e-02,1.824848890304565430e+00,2.155167102813720703e+00,8.971252292394638062e-02,1.372112154960632324e+00,2.167624473571777344e+00,1.802031397819519043e+00,9.908893704414367676e-01,-2.005061134696006775e-02,5.232961103320121765e-02,1.823771476745605469e+00,1.860914587974548340e+00
1.284826040267944336e+00,-1.483727842569351196e-01,1.697528123855590820e+00,-1.973472684621810913e-01,1.298047423362731934e+00,-4.007709324359893799e-01,-4.468102157115936279e-01,1.371948361396789551e+00,-3.716284632682800293e-01,8.624607324600219727e-01,1.638699650764465332e+00,-4.411163628101348877e-01,-2.271286100149154663e-01,2.111624240875244141e+00,1.106399774551391602e+00,-5.096780657768249512e-01,-1.746637821197509766e-01,-1.167160421609878540e-01,3.016518652439117432e-01,1.326299309730529785e+00
8.367014527320861816e-01,2.022408246994018555e+00,2.041275024414062500e+00,2.408632040023803711e+00,2.083613872528076172e+00,2.453806400299072266e+00,2.454664707183837891e+00,2.048273324966430664e+00,1.324633479118347168e+00,2.395321607589721680e+00,1.769929409027099609e+00,2.556788682937622070e+00,2.574933290481567383e+00,1.377426147460937500e+00,1.600146055221557617e+00,2.298053503036499023e+00,1.438538789749145508e+00,1.605419754981994629e+00,2.367399930953979492e+00,2.023699998855590820e+00
1.390202283859252930e+00,8.026655912399291992e-01,2.137871980667114258e+00,2.084865808486938477e+00,2.052459001541137695e+00,1.449742078781127930e+00,1.733920574188232422e+00,1.775551676750183105e+00,3.515880107879638672e-01,2.019415378570556641e+00,2.242456674575805664e+00,1.791356325149536133e+00,2.300046443939208984e+00,1.935542464256286621e+00,1.683011054992675781e+00,2.190333127975463867e+00,6.893563866615295410e-01,6.960514187812805176e-01,2.251746892929077148e+00,1.967974424362182617e+00
-4.189038276672363281e-01,-5.144298672676086426e-01,-8.351631164550781250e-01,-5.387080311775207520e-01,-1.166660666465759277e+00,-6.134503483772277832e-01,-6.980564594268798828e-01,-1.048236131668090820e+00,-6.884774565696716309e-01,-1.306310296058654785e+00,-9.535149335861206055e-01,-6.570754051208496094e-01,-4.638273715972900391e-01,-4.087271094322204590e-01,-6.884492039680480957e-01,-4.551697373390197754e-01,-6.064946651458740234e-01,-5.415987372398376465e-01,-8.712400794029235840e-01,-1.168601632118225098e+00
1.172715187072753906e+00,-3.015380203723907471e-01,1.539946079254150391e+00,-3.081822097301483154e-01,1.012260437011718750e+00,-4.480951130390167236e-01,-4.567626416683197021e-01,1.274788856506347656e+00,-4.616058170795440674e-01,5.312392711639404297e-01,1.298472166061401367e+00,-4.552537500858306885e-01,-1.038339659571647644e-01,2.042080879211425781e+00,1.118851661682128906e+00,-6.337544918060302734e-01,-2.070942223072052002e-01,-2.596030533313751221e-01,-8.402650058269500732e-02,1.001413702964782715e+00
1.453070044517517090e+00,-1.262947767972946167e-01,1.807531476020812988e+00,-6.289441883563995361e-02,1.268824338912963867e+00,-4.027147889137268066e-01,-6.448391824960708618e-02,1.552442789077758789e+00,-5.228864550590515137e-01,9.100816845893859863e-01,1.852673888206481934e+00,-2.693523168563842773e-01,8.792112022638320923e-02,2.094386816024780273e+00,1.285760402679443359e+00,-2.501284778118133545e-01,-1.430734097957611084e-01,-1.453135758638381958e-01,6.376339197158813477e-01,1.333314538002014160e+00
1.277036905288696289e+00,-1.154062002897262573e-01,1.731554627418518066e+00,-1.283343415707349777e-02,1.339692831039428711e+00,-3.047803938388824463e-01,-3.431983590126037598e-01,1.477634310722351074e+00,-2.556912004947662354e-01,1.007365584373474121e+00,1.808943867683410645e+00,-3.175739943981170654e-01,5.647940188646316528e-02,2.076968431472778320e+00,1.304230093955993652e+00,-2.296988368034362793e-01,-1.549115926027297974e-01,-1.674004942178726196e-01,8.408030867576599121e-01,1.324091553688049316e+00
1.644382596015930176e+00,1.001250386238098145e+00,2.199286699295043945e+00,1.822492480278015137e+00,2.274669408798217773e+00,1.211177110671997070e+00,1.821573376655578613e+00,2.039708375930786133e+00,5.524783134460449219e-01,2.122856616973876953e+00,2.065295219421386719e+00,1.685855507850646973e+00,2.369461536407470703e+00,2.064589977264404297e+00,1.840566277503967285e+00,2.046788215637207031e+00,6.999648809432983398e-01,7.070701122283935547e-01,2.277192592620849609e+00,2.158479213714599609e+00
5.805254578590393066e-01,1.839617490768432617e+00,1.640108585357666016e+00,2.220858097076416016e+00,1.825903058052062988e+00,2.235944271087646484e+00,2.267673730850219727e+00,1.853603720664978027e+00,1.439451098442077637e+00,2.204161882400512695e+00,1.481776237487792969e+00,2.582260131835937500e+00,2.384583950042724609e+00,7.957262992858886719e-01,9.769847393035888672e-01,2.011161804199218750e+00,1.499427795410156250e+00,1.754255533218383789e+00,2.379700660705566406e+00,1.745736360549926758e+00
7.661448717117309570e-01,-4.937992393970489502e-01,8.655462265014648438e-01,-5.773186683654785156e-01,-1.336091607809066772e-01,-3.804578483104705811e-01,-4.816264510154724121e-01,2.431353330612182617e-01,-6.989057660102844238e-01,-2.117319107055664062e-01,8.710655570030212402e-01,-5.664207935333251953e-01,-2.559728622436523438e-01,2.065336227416992188e+00,8.211957812309265137e-01,-1.308073382824659348e-02,-5.134589672088623047e-01,-3.257036507129669189e-01,-5.393264293670654297e-01,-8.259197324514389038e-02
8.435131311416625977e-01,1.897235870361328125e+00,1.639939904212951660e+00,2.412018299102783203e+00,1.875339269638061523e+00,2.340293884277343750e+00,2.407396078109741211e+00,1.707331895828247070e+00,1.569271564483642578e+00,2.341366052627563477e+00,1.592571139335632324e+00,2.519467830657958984e+00,2.495258331298828125e+00,1.194689750671386719e+00,1.331306576728820801e+00,2.174736022949218750e+00,1.558944106101989746e+00,1.639557957649230957e+00,2.455229282379150391e+00,1.764477372169494629e+00
1.187108755111694336e+00,5.511821508407592773e-01,2.155245780944824219e+00,1.629519462585449219e+00,1.894955158233642578e+00,1.088600277900695801e+00,1.435135960578918457e+00,1.703661441802978516e+00,2.158954590559005737e-01,1.904648900032043457e+00,1.988086581230163574e+00,1.268073678016662598e+00,2.387321710586547852e+00,1.844746112823486328e+00,1.830326676368713379e+00,1.941519021987915039e+00,3.547407686710357666e-01,6.277506947517395020e-01,2.114838838577270508e+00,1.935476422309875488e+00
3.555923700332641602e-01,2.023946762084960938e+00,1.530345797538757324e+00,2.088104724884033203e+00,1.652880311012268066e+00,2.457461595535278320e+00,2.352328062057495117e+00,1.637266397476196289e+00,1.641313791275024414e+00,1.803445816040039062e+00,1.472774267196655273e+00,2.287939310073852539e+00,2.189951181411743164e+00,5.714015364646911621e-01,8.647826910018920898e-01,1.954465031623840332e+00,1.785094618797302246e+00,1.644022583961486816e+00,2.183068275451660156e+00,1.706069231033325195e+00
1.423359513282775879e+00,5.958489775657653809e-01,1.902745127677917480e+00,1.679021954536437988e+00,2.000359773635864258e+00,8.725833296775817871e-01,1.434237480163574219e+00,1.716278910636901855e+00,4.279010295867919922e-01,2.003626585006713867e+00,2.065032720565795898e+00,1.398331403732299805e+00,2.160140037536621094e+00,1.903048038482666016e+00,1.735123753547668457e+00,1.932532429695129395e+00,2.647717297077178955e-01,6.589273810386657715e-01,1.990691184997558594e+00,1.995449185371398926e+00
-1.194563746452331543e+00,-1.238768339157104492e+00,-1.115257859230041504e+00,-1.072513222694396973e+00,-1.299101471900939941e+00,-1.111616253852844238e+00,-1.033252239227294922e+00,-1.100961208343505859e+00,-2.840135812759399414e+00,-1.577603816986083984e+00,-1.463771939277648926e+00,-1.127387881278991699e+00,-9.607173800468444824e-01,-7.756556868553161621e-01,-9.496079683303833008e-01,-7.813248038291931152e-01,-1.856202840805053711e+00,-1.536063551902770996e+00,-1.274560809135437012e+00,-1.101332306861877441e+00
