6.734899282455444336e-01,6.992642879486083984e+00,7.503647804260253906e-01,1.032785797119140625e+01,2.604664564132690430e+00,9.941750526428222656e+00,1.351960182189941406e+00,8.799046516418457031e+00,-1.832726597785949707e+00,2.405294656753540039e+00,1.820783734321594238e+00,6.261268258094787598e-02,3.944183349609375000e+00,1.113406419754028320e+00,4.011195659637451172e+00,1.717669725418090820e+00,1.332178831100463867e+00,2.310788393020629883e+00,1.381800174713134766e+00,1.495483398437500000e+00
6.088567256927490234e+00,-7.279028892517089844e+00,3.771168708801269531e+00,1.125605297088623047e+01,-4.772775173187255859e+00,9.709221839904785156e+00,7.157748222351074219e+00,-6.694053173065185547e+00,-1.553684115409851074e+00,6.624828279018402100e-02,6.071688175201416016e+00,2.430324316024780273e+00,5.514244079589843750e+00,2.859039545059204102e+00,3.794885575771331787e-01,1.330539107322692871e+00,3.044986009597778320e+00,6.756253719329833984e+00,5.131585121154785156e+00,5.480183601379394531e+00
2.388291060924530029e-01,5.837326526641845703e+00,1.023297667503356934e+00,9.969547271728515625e+00,2.564208030700683594e+00,9.543650627136230469e+00,1.000238299369812012e+00,7.810207366943359375e+00,-1.241923689842224121e+00,2.427767038345336914e+00,2.236489295959472656e+00,-4.568224027752876282e-02,3.509105682373046875e+00,1.274484395980834961e+00,3.847787857055664062e+00,1.552095413208007812e+00,1.537103533744812012e+00,1.650307297706604004e+00,1.467580318450927734e+00,1.994616627693176270e+00
4.061881542205810547e+00,-2.132421493530273438e+00,-1.071039795875549316e+00,9.927021980285644531e+00,-2.078715413808822632e-01,7.436495304107666016e+00,4.556904315948486328e+00,-1.743618607521057129e+00,-8.902467489242553711e-01,-2.663194835186004639e-01,5.112346410751342773e-01,-8.285111188888549805e-01,1.716598629951477051e+00,-7.305747270584106445e-01,6.421371828764677048e-03,-2.586960554122924805e+00,1.529346257448196411e-01,6.420409202575683594e+00,1.943845987319946289e+00,2.449878931045532227e+00
-2.477878093719482422e+00,3.495274782180786133e+00,1.535298824310302734e+00,-1.243032932281494141e+00,2.057255268096923828e+00,6.653896570205688477e-01,9.261247515678405762e-01,-9.326927661895751953e-01,2.427877783775329590e-01,-8.011918663978576660e-01,3.528001308441162109e+00,1.532032251358032227e+00,-6.861398816108703613e-01,-3.918749690055847168e-01,-1.682321727275848389e-01,-1.987625807523727417e-01,-5.176473855972290039e-01,2.739318370819091797e+00,2.906099081039428711e+00,2.304913282394409180e+00
1.717432856559753418e+00,-3.291494846343994141e+00,-1.292803168296813965e+00,8.193835258483886719e+00,-3.449374735355377197e-01,7.607196331024169922e+00,2.438643693923950195e+00,-1.971051931381225586e+00,1.020671129226684570e+00,-7.554159164428710938e-01,1.552640795707702637e+00,-3.520691692829132080e-01,-1.874679140746593475e-02,-1.204113125801086426e+00,-1.081806898117065430e+00,-8.696665167808532715e-01,-8.340477943420410156e-01,2.617771625518798828e+00,7.002679705619812012e-01,4.523567259311676025e-01
2.600746870040893555e+00,9.147239476442337036e-02,-9.709490537643432617e-01,8.456628799438476562e+00,3.360987175256013870e-03,7.870963096618652344e+00,2.317193031311035156e+00,1.073061347007751465e+00,-3.393658697605133057e-01,-4.304828941822052002e-01,-8.934389948844909668e-01,-9.098212122917175293e-01,1.038696408271789551e+00,-9.938361048698425293e-01,-6.427584886550903320e-01,-1.124140381813049316e+00,-8.753957152366638184e-01,5.098354816436767578e+00,1.135247349739074707e+00,1.172279238700866699e+00
3.424321651458740234e+00,6.558246612548828125e-01,-6.574861407279968262e-01,9.496673583984375000e+00,7.575106620788574219e-01,7.659852504730224609e+00,3.616093873977661133e+00,1.343673348426818848e+00,-2.108353853225708008e+00,7.925000041723251343e-02,-9.073638916015625000e-01,-8.895134329795837402e-01,2.085366487503051758e+00,-2.676098346710205078e-01,6.938862055540084839e-02,-1.784659028053283691e+00,-9.959064424037933350e-02,6.365077972412109375e+00,1.564188718795776367e+00,2.265994071960449219e+00
-2.843864917755126953e+00,-2.743934631347656250e+00,1.394816279411315918e+00,-1.717517852783203125e+00,-2.115294218063354492e+00,-3.421677052974700928e-01,-2.333826541900634766e+00,-4.245779514312744141e+00,2.900656223297119141e+00,-3.980783820152282715e-01,-2.163832426071166992e+00,1.550629019737243652e+00,-4.309470176696777344e+00,8.895775675773620605e-01,-1.424211502075195312e+00,1.344324588775634766e+00,9.916271567344665527e-01,-1.130027174949645996e+00,-2.327828645706176758e+00,-2.983284235000610352e+00
5.900760650634765625e+00,-3.642227649688720703e+00,2.301629543304443359e+00,1.173463249206542969e+01,-2.130024194717407227e+00,1.009106349945068359e+01,6.639779567718505859e+00,-3.518429994583129883e+00,-1.801690578460693359e+00,8.298893570899963379e-01,5.922028064727783203e+00,1.397354841232299805e+00,5.473385334014892578e+00,3.202599763870239258e+00,1.810030102729797363e+00,1.154137134552001953e+00,2.774522781372070312e+00,6.816208362579345703e+00,5.392626285552978516e+00,5.420464038848876953e+00
6.510066986083984375e+00,-6.835906505584716797e+00,3.819427013397216797e+00,1.114275741577148438e+01,-4.431356430053710938e+00,1.011609745025634766e+01,6.929114818572998047e+00,-6.083933353424072266e+00,-2.052692890167236328e+00,6.610594391822814941e-01,6.515970230102539062e+00,2.926068305969238281e+00,5.611867904663085938e+00,3.568555355072021484e+00,1.035470485687255859e+00,1.676868557929992676e+00,3.052858352661132812e+00,6.733517169952392578e+00,5.288638591766357422e+00,5.699586868286132812e+00
1.865604400634765625e+00,-2.167815446853637695e+00,-1.303863048553466797e+00,8.949339866638183594e+00,-3.543946444988250732e-01,8.156799316406250000e+00,2.062687635421752930e+00,-1.127496242523193359e+00,4.166960716247558594e-01,-1.222851753234863281e+00,6.326877474784851074e-01,-7.273494005203247070e-01,2.081445306539535522e-01,-1.188857913017272949e+00,-1.283632278442382812e+00,-7.755187749862670898e-01,-1.084782838821411133e+00,3.390128374099731445e+00,8.561064600944519043e-01,9.076732993125915527e-01
3.121786355972290039e+00,6.498389244079589844e-01,-7.720813751220703125e-01,9.910416603088378906e+00,7.714785933494567871e-01,7.718834877014160156e+00,3.227451086044311523e+00,7.257564663887023926e-01,-1.309288740158081055e+00,-2.752092480659484863e-01,-1.979381740093231201e-01,-7.970075011253356934e-01,2.128263473510742188e+00,-5.760545134544372559e-01,-1.696132570505142212e-01,-1.185266375541687012e+00,-4.144474565982818604e-01,6.055804729461669922e+00,2.004861593246459961e+00,2.077444791793823242e+00
3.143433094024658203e+00,4.486523866653442383e-01,-1.428556799888610840e+00,8.763983726501464844e+00,4.570837020874023438e-01,8.108378410339355469e+00,2.608454465866088867e+00,1.234664320945739746e+00,-6.306678056716918945e-01,-8.411589264869689941e-01,-3.596524000167846680e-01,-1.261901617050170898e+00,1.361441373825073242e+00,-1.116018056869506836e+00,-7.483584284782409668e-01,-8.618651032447814941e-01,-9.780986905097961426e-01,5.236680507659912109e+00,1.110757350921630859e+00,1.490937113761901855e+00
2.761376619338989258e+00,-8.610159158706665039e-01,-1.605026245117187500e+00,9.119257926940917969e+00,-6.590327620506286621e-02,8.080471992492675781e+00,3.101637125015258789e+00,-9.844768047332763672e-02,-1.440127789974212646e-01,-9.064272046089172363e-01,6.255781054496765137e-01,-9.579429030418395996e-01,1.410799503326416016e+00,-1.107899188995361328e+00,-7.877836227416992188e-01,-9.532979130744934082e-01,-1.087834954261779785e+00,4.798048019409179688e+00,1.549380660057067871e+00,1.806690096855163574e+00
3.926684379577636719e+00,2.658916950225830078e+00,1.922958493232727051e+00,1.059937953948974609e+01,-3.118321299552917480e-01,1.035407161712646484e+01,4.322108268737792969e+00,3.975695848464965820e+00,-2.079826354980468750e+00,1.559965252876281738e+00,3.929644823074340820e+00,3.218033313751220703e-01,4.016980648040771484e+00,2.922305345535278320e+00,3.606906652450561523e+00,1.789646148681640625e+00,2.647377014160156250e+00,4.838892459869384766e+00,3.274369955062866211e+00,3.448118209838867188e+00
3.595698118209838867e+00,1.808414757251739502e-01,-1.083584070205688477e+00,1.012334728240966797e+01,4.550043940544128418e-01,7.608442783355712891e+00,3.869193792343139648e+00,3.257816731929779053e-01,-1.914448738098144531e+00,1.567511260509490967e-01,4.344169795513153076e-02,-8.198145627975463867e-01,2.472396850585937500e+00,-5.630480647087097168e-01,-1.070056408643722534e-01,-1.695815086364746094e+00,3.346636891365051270e-01,6.108272075653076172e+00,1.993972063064575195e+00,2.604282617568969727e+00
-7.407179474830627441e-02,7.008046627044677734e+00,3.025663197040557861e-01,9.805997848510742188e+00,2.361359119415283203e+00,9.762693405151367188e+00,1.146141171455383301e+00,8.142811775207519531e+00,-1.773538231849670410e+00,2.127293109893798828e+00,1.395956516265869141e+00,-4.849549531936645508e-01,3.243245840072631836e+00,8.127343058586120605e-01,2.791967868804931641e+00,1.541789054870605469e+00,8.301555514335632324e-01,1.624119400978088379e+00,1.036384582519531250e+00,4.764464497566223145e-01
6.930365085601806641e+00,-8.035618782043457031e+00,4.037708282470703125e+00,1.196998214721679688e+01,-4.933220386505126953e+00,9.968026161193847656e+00,8.047896385192871094e+00,-7.734258174896240234e+00,-2.262480020523071289e+00,-5.658087134361267090e-01,6.671593666076660156e+00,2.742048978805541992e+00,6.421881675720214844e+00,3.031681060791015625e+00,7.171626668423414230e-03,8.651844859123229980e-01,2.779474496841430664e+00,7.238996028900146484e+00,6.072562217712402344e+00,6.238800048828125000e+00
5.223072052001953125e+00,-4.966908395290374756e-01,2.040167331695556641e+00,1.120342922210693359e+01,-5.605743527412414551e-01,1.032007598876953125e+01,5.927024841308593750e+00,1.511571854352951050e-01,-2.154297590255737305e+00,1.513327002525329590e+00,5.084475040435791016e+00,5.518200397491455078e-01,4.896459102630615234e+00,3.104264974594116211e+00,3.055146932601928711e+00,1.301245927810668945e+00,2.878592967987060547e+00,6.266057014465332031e+00,4.770387649536132812e+00,4.837724208831787109e+00
