-1.489439249038696289e+00,-1.497295051813125610e-01,-5.328199863433837891e-01,-1.043634653091430664e+00,-3.563839197158813477e-01,-1.508574932813644409e-01,3.930469751358032227e-01,-1.076341494917869568e-01,-4.282209575176239014e-01,8.235788345336914062e-01,-5.038384199142456055e-01,3.750538825988769531e-01,-7.225807309150695801e-01,7.736216783523559570e-01,-5.967342853546142578e-01,-2.528195083141326904e-01,8.818367123603820801e-01,-8.130673319101333618e-02,-9.234508275985717773e-01,-1.465427398681640625e+00
-9.467718005180358887e-02,1.936230924911797047e-03,1.030557751655578613e+00,-4.245115816593170166e-01,7.559511661529541016e-01,6.776696443557739258e-01,-5.102764442563056946e-02,6.614893674850463867e-01,-4.849092960357666016e-01,2.377284288406372070e+00,8.721970319747924805e-01,2.205739736557006836e+00,-3.383599519729614258e-01,4.692964851856231689e-01,-2.285932004451751709e-01,1.209784150123596191e+00,-5.071014165878295898e-03,-1.206585288047790527e+00,-9.326488971710205078e-01,-2.334341555833816528e-01
3.126791000366210938e+00,1.378141045570373535e+00,2.881870865821838379e-01,2.873905658721923828e+00,1.427320837974548340e+00,-1.074063777923583984e+00,-3.591551303863525391e+00,1.620094656944274902e+00,2.711196660995483398e+00,-1.621643900871276855e+00,7.868971675634384155e-02,-2.213230580091476440e-01,3.455240249633789062e+00,-2.361052274703979492e+00,1.441390156745910645e+00,-4.440704584121704102e-01,-4.395445823669433594e+00,5.434416770935058594e+00,1.023189187049865723e+00,-8.794401288032531738e-01
-1.324782371520996094e-01,-3.242032229900360107e-01,-1.401810884475708008e+00,-5.377554297447204590e-01,-7.759492844343185425e-02,3.181865066289901733e-02,5.880026221275329590e-01,-1.178305894136428833e-01,-3.959707319736480713e-01,6.684811711311340332e-01,-1.389794945716857910e-01,1.507021307945251465e+00,-1.630934029817581177e-01,2.033604860305786133e+00,-7.133178114891052246e-01,-2.484367191791534424e-01,1.235071420669555664e+00,-2.248961329460144043e-01,-5.792262554168701172e-01,1.528572201728820801e+00
1.389024406671524048e-01,-1.924726247787475586e+00,1.228361845016479492e+00,-3.853822350502014160e-01,1.218557596206665039e+00,5.685285925865173340e-01,2.110763341188430786e-01,2.050012722611427307e-02,7.362762093544006348e-02,-1.006307840347290039e+00,3.532701134681701660e-01,1.357595324516296387e+00,-1.827463954687118530e-01,1.564770698547363281e+00,-2.633523643016815186e-01,1.014925241470336914e+00,4.318377673625946045e-01,-1.220554590225219727e+00,-1.414609670639038086e+00,-4.936286807060241699e-01
1.643308624625205994e-02,4.830110073089599609e-01,-1.125824928283691406e+00,-4.354913830757141113e-01,-4.756367206573486328e-01,-2.126446962356567383e-01,5.245774984359741211e-01,-5.690789818763732910e-01,-1.162350401282310486e-01,5.633861422538757324e-01,-6.178398728370666504e-01,9.077734351158142090e-01,-2.385222762823104858e-01,1.540825247764587402e+00,-5.880665183067321777e-01,-7.077813744544982910e-01,1.133456349372863770e+00,1.341525018215179443e-01,-1.157761096954345703e+00,1.106595754623413086e+00
-7.287685275077819824e-01,5.957747697830200195e-01,-1.095885872840881348e+00,-6.259796619415283203e-01,-6.061369180679321289e-01,-1.878425851464271545e-02,5.288342237472534180e-01,-4.522407054901123047e-01,-2.377002239227294922e-01,7.977024912834167480e-01,-1.064450383186340332e+00,-3.288920819759368896e-01,-2.113037556409835815e-01,1.170508146286010742e+00,-4.024132788181304932e-01,-5.880942940711975098e-01,6.267679929733276367e-01,-2.100905217230319977e-02,-8.798902034759521484e-01,-4.010812938213348389e-01
3.785148262977600098e-01,-4.801296591758728027e-01,1.589813113212585449e+00,7.571182250976562500e-01,1.131521224975585938e+00,6.587281227111816406e-01,7.150959223508834839e-02,1.049773693084716797e+00,9.517425298690795898e-01,1.369459152221679688e+00,1.449074745178222656e+00,1.824471592903137207e+00,6.308521628379821777e-01,1.932657003402709961e+00,4.543642699718475342e-01,1.688293576240539551e+00,8.041191101074218750e-01,-1.640082299709320068e-01,-7.906847000122070312e-01,4.031258523464202881e-01
-2.923821806907653809e-01,1.373316645622253418e+00,-2.605968236923217773e+00,1.463360905647277832e+00,-2.636495351791381836e+00,4.555467963218688965e-01,1.395132780075073242e+00,-5.718990564346313477e-01,2.037922143936157227e+00,5.716519355773925781e-01,-3.396896839141845703e+00,-1.139604568481445312e+00,2.417814970016479492e+00,-8.730959147214889526e-02,2.820836067199707031e+00,-2.696254014968872070e+00,2.031172037124633789e+00,3.130245447158813477e+00,1.617440223693847656e+00,7.498975396156311035e-01
1.719269037246704102e+00,6.194544434547424316e-01,-7.992658019065856934e-02,2.771817684173583984e+00,-2.629904747009277344e-01,-5.188393592834472656e-01,-7.616713047027587891e-01,-5.752845406532287598e-01,6.666657447814941406e+00,2.462264299392700195e+00,-3.209244608879089355e-01,1.945278421044349670e-02,3.357165336608886719e+00,-6.468583345413208008e-01,1.733212351799011230e+00,-7.120276093482971191e-01,4.758075177669525146e-01,3.323584556579589844e+00,6.119300127029418945e-01,1.216359972953796387e+00
-7.864619046449661255e-02,-5.382716655731201172e-01,-8.566700816154479980e-01,-4.369182586669921875e-01,-7.149707674980163574e-01,-2.824600636959075928e-01,1.113822102546691895e+00,-7.703513503074645996e-01,-7.355191111564636230e-01,-1.439037203788757324e+00,-6.829869151115417480e-01,-1.227862685918807983e-01,-1.968688219785690308e-01,9.538959860801696777e-01,-8.814385533332824707e-01,-4.058670401573181152e-01,4.493476077914237976e-02,-1.157156005501747131e-01,-1.160496234893798828e+00,-7.290701270103454590e-01
2.322009503841400146e-01,-2.629887342453002930e+00,3.510435104370117188e+00,1.093639612197875977e+00,-2.328720569610595703e+00,-6.749337196350097656e+00,-2.454245328903198242e+00,-7.589108347892761230e-01,2.257243871688842773e+00,-2.267866849899291992e+00,2.585674762725830078e+00,-2.012557029724121094e+00,1.911755800247192383e+00,-7.901793718338012695e-01,1.195731401443481445e+00,-1.443129539489746094e+00,9.693936109542846680e-01,5.023484706878662109e+00,1.052016019821166992e+00,-1.223245263099670410e+00
-7.642650008201599121e-01,7.337607145309448242e-01,-5.018522590398788452e-02,-9.589203596115112305e-01,-1.035471484065055847e-01,4.044173657894134521e-01,7.101121544837951660e-01,-1.190224662423133850e-01,-7.951471805572509766e-01,-1.217512249946594238e+00,-2.667383849620819092e-01,2.958777666091918945e+00,-1.525988221168518066e+00,8.058487176895141602e-01,-5.758539438247680664e-01,-1.203386783599853516e-01,2.781441807746887207e-01,-9.185689687728881836e-01,-1.637921929359436035e+00,-4.678173065185546875e-01
3.960655927658081055e+00,9.763430356979370117e-01,1.116953849792480469e+00,4.279354572296142578e+00,6.782463192939758301e-01,7.610467076301574707e-01,-2.076449394226074219e+00,1.196955561637878418e+00,3.063334703445434570e+00,7.719376683235168457e-01,1.409557104110717773e+00,4.913010597229003906e-01,4.386600017547607422e+00,-1.569033026695251465e+00,5.046598434448242188e+00,-8.096576929092407227e-01,-1.421322822570800781e+00,5.225332736968994141e+00,8.605133891105651855e-01,1.232341170310974121e+00
1.248515173792839050e-01,1.810063421726226807e-01,-9.844360873103141785e-03,1.435411214828491211e+00,-7.201861143112182617e-01,-1.273985385894775391e+00,-3.250391781330108643e-01,-7.717767953872680664e-01,4.722310066223144531e+00,2.165165424346923828e+00,-2.228439003229141235e-01,-1.791286170482635498e-01,2.063864231109619141e+00,-1.840766668319702148e-01,6.863794922828674316e-01,5.161657929420471191e-01,9.680141508579254150e-02,2.926730632781982422e+00,-4.050045311450958252e-01,-7.083941996097564697e-02
1.004576325416564941e+00,5.131558775901794434e-01,-8.990597724914550781e-01,1.428476214408874512e+00,-1.513327240943908691e+00,-1.533012986183166504e+00,-3.116199493408203125e+00,-2.754380464553833008e+00,5.092019557952880859e+00,9.510781764984130859e-01,-2.402152776718139648e+00,-1.049067139625549316e+00,9.168256521224975586e-01,-7.442057132720947266e-01,3.250735998153686523e+00,-2.212498188018798828e+00,-2.578325986862182617e+00,1.728465199470520020e+00,9.468179941177368164e-01,1.270379543304443359e+00
3.333047866821289062e+00,4.488205164670944214e-02,-6.591568589210510254e-01,4.743842601776123047e+00,7.086914032697677612e-02,-3.643809258937835693e-01,-1.591544151306152344e+00,-3.607183694839477539e-01,3.673441648483276367e+00,1.499156832695007324e+00,-6.133933067321777344e-01,-4.639156460762023926e-01,4.164713859558105469e+00,-9.732404947280883789e-01,3.260275602340698242e+00,-1.503155827522277832e+00,-5.078650116920471191e-01,4.674456119537353516e+00,9.212304353713989258e-01,1.236551880836486816e+00
-8.375028371810913086e-01,-3.437319695949554443e-01,3.635158240795135498e-01,-1.145911693572998047e+00,-1.126465052366256714e-01,5.532390475273132324e-01,2.659725844860076904e-01,1.892600208520889282e-01,-8.492355942726135254e-01,-6.511803865432739258e-01,1.364920735359191895e-01,6.530452519655227661e-02,-1.032621383666992188e+00,-5.279726982116699219e-01,-1.055246949195861816e+00,1.615358591079711914e-01,-5.478211045265197754e-01,-7.561279535293579102e-01,-1.514175534248352051e+00,-9.848841428756713867e-01
-6.537870764732360840e-01,-5.591490864753723145e-01,-5.219845771789550781e-01,-9.919922351837158203e-01,-2.432222217321395874e-01,1.137347519397735596e-01,5.502919554710388184e-01,-4.261240065097808838e-01,-8.382790684700012207e-01,-6.677027940750122070e-01,-2.066951096057891846e-01,7.215197086334228516e-01,-1.167237043380737305e+00,-2.726016044616699219e-01,-1.201912403106689453e+00,1.768155582249164581e-02,-7.190386056900024414e-01,-4.950650632381439209e-01,-1.634280920028686523e+00,-1.236192703247070312e+00
-8.812861442565917969e-01,-1.051899075508117676e+00,1.465594023466110229e-01,-9.063678979873657227e-01,6.664130091667175293e-02,7.152281999588012695e-01,2.323571890592575073e-01,-3.034954331815242767e-02,-9.207568764686584473e-01,-7.759667038917541504e-01,9.100320935249328613e-02,4.264964759349822998e-01,-9.689928293228149414e-01,-7.099750638008117676e-01,-8.792025446891784668e-01,2.873752117156982422e-01,-1.011307716369628906e+00,-8.912541866302490234e-01,-1.250961542129516602e+00,-9.969620108604431152e-01
