12492.8012695
11635.3730469
10986.064209
10434.7402344
9944.41333008
9497.61083984
9084.69360352
8699.8371582
8339.28662109
8000.50805664
7681.71386719
7381.59985352
7099.16503906
6833.60522461
6584.23461914
6350.44189453
6131.65234375
5927.32055664
5736.92114258
5559.95214844
5395.93688965
5244.41064453
5104.92468262
4977.03808594
4860.31726074
4754.32897949
4658.64306641
4572.82177734
4496.42053223
4428.98071289
4370.02307129
4319.04785156
4275.52453613
4238.89624023
4208.56982422
4183.92492676
4164.30871582
4149.04382324
4137.44299316
4128.81384277
4122.49035645
4117.85058594
4114.34936523
4111.53808594
4109.07995605
4106.74304199
4104.38647461
4101.9317627
4099.33911133
4096.58703613
4093.66259766
4090.55578613
4087.25695801
4083.75708008
4080.046875
4076.11657715
4071.95629883
4067.55383301
4062.90014648
4057.98339844
4052.79187012
4047.31188965
4041.53137207
4035.43579102
4029.01049805
4022.24035645
4015.10913086
4007.60266113
3999.70019531
3991.38659668
3982.64379883
3973.45178223
3963.79174805
3953.64367676
3942.98840332
3931.80358887
3920.06982422
3907.76574707
3894.8704834
3881.36315918
3867.22106934
3852.42272949
3836.94665527
3820.77160645
3803.87512207
3786.23620605
3767.83410645
3748.64697266
3728.65600586
3707.84069824
3686.18188477
3663.66174316
3640.26159668
3615.96484375
3590.75610352
3564.62084961
3537.54602051
3509.51989746
3480.53234863
3450.57531738
3419.64196777
3387.72827148
3354.83251953
3320.95629883
3286.10205078
3250.27514648
3213.48486328
3175.74377441
3137.06542969
3097.46948242
3056.97821045
3015.61749268
2973.41711426
2930.41088867
2886.63671875
2842.13531494
2796.95404053
2751.14324951
2704.75720215
2657.85540771
2610.50054932
2562.76062012
2514.706604
2466.41308594
2417.95843506
2369.42486572
2320.89642334
2272.46075439
2224.20800781
2176.22851562
2128.6159668
2081.46307373
2034.86395264
1988.91296387
1943.70300293
1899.32647705
1855.87359619
1813.43280029
1772.0880127
1731.92132568
1693.00805664
1655.41894531
1619.21862793
1584.46350098
1551.20230103
1519.47406006
1489.30764771
1460.72039795
1433.71737671
1408.29077148
1384.41842651
1362.06515503
1341.18258667
1321.71224976
1303.58673096
1286.73165894
1271.06835938
1256.51248169
1242.97741699
1230.37399292
1218.61282349
1207.60549927
1197.26675415
1187.51583862
1178.27859497
1169.48724365
1161.08047485
1153.00476074
1145.21191406
1137.66030884
1130.31344604
1123.13864136
1116.1081543
1109.19586182
1102.38546753
1095.62884521
1089.09899902
1081.74337769
1081.79360962
1070.70150757
1066.79901123
1059.85644531
1055.34295654
1048.82806396
1044.78640747
1037.65661621
1035.40921021
1026.98461914
1023.3432312
1016.23681641
1012.45709229
1005.37313843
1002.26272583
994.631988525
991.156219482
983.698455811
979.865325928
972.681365967
969.027404785
961.631896973
957.857879639
950.391418457
946.315551758
939.019897461
934.929107666
927.559997559
923.352630615
915.918334961
911.489685059
904.128692627
899.609100342
892.224975586
887.574249268
880.157226562
875.334686279
867.949493408
863.013183594
855.625610352
850.558502197
843.1640625
837.957855225
830.585845947
825.268280029
817.908233643
812.475769043
805.12878418
799.585388184
792.266571045
786.628997803
779.337036133
773.609375
766.348403931
760.539901733
753.31918335
747.442733765
740.264862061
734.328872681
727.199371338
721.215072632
714.140609741
708.120010376
701.105072021
695.058181763
688.10836792
682.046783447
675.167999268
669.103439331
662.300460815
656.243026733
649.521362305
643.482421875
636.846984863
630.837158203
624.29258728
618.321777344
611.872894287
605.951065063
599.602172852
593.738586426
587.493560791
581.696990967
575.559783936
569.838562012
563.812423706
558.174179077
552.26222229
546.714309692
540.919403076
535.468185425
529.792572021
524.44430542
518.890182495
513.650482178
508.219100952
503.09324646
497.786178589
492.778381348
487.596389771
482.71081543
477.654403687
472.894439697
467.963668823
463.332260132
458.526702881
454.025939941
449.345123291
444.976486206
440.419006348
436.184127808
431.748306274
427.647171021
423.331298828
419.363952637
415.165374756
411.331298828
407.247528076
403.545211792
399.573135376
396.000610352
392.137161255
388.69203186
384.93346405
381.612869263
377.955436707
374.755867004
371.195648193
368.113006592
364.646148682
361.676124573
358.298233032
355.436149597
352.143280029
349.384040833
346.17199707
343.510185242
340.37512207
337.805267334
334.74307251
332.259529114
329.266517639
326.86366272
323.935943604
321.608276367
318.742454529
316.483947754
313.676803589
311.482078552
308.730506897
306.594215393
303.895225525
301.811935425
299.163230896
297.127967834
294.526908875
292.535057068
289.979598999
288.026397705
285.514755249
283.596031189
281.126396179
279.23815155
276.809158325
274.947738647
272.558082581
270.720169067
268.368789673
266.550895691
264.237098694
262.436683655
260.159515381
258.373901367
256.132873535
254.359764099
252.154495239
250.391784668
248.221878052
246.46774292
244.333045959
242.585830688
240.486152649
238.744522095
236.679824829
234.942436218
232.912902832
231.178756714
229.184249878
227.452461243
225.493385315
223.763153076
221.839523315
220.110244751
218.222434998
216.493644714
214.641807556
212.913162231
211.097686768
209.368759155
207.590072632
205.860862732
204.11907959
202.389434814
200.685043335
198.954925537
197.288406372
195.557765961
193.929508209
192.198513031
190.608783722
188.877735138
187.327030182
185.595943451
184.084632874
182.353935242
180.882400513
179.15222168
177.720993042
175.991718292
174.601104736
172.87310791
171.523616791
169.79718399
168.489173889
166.764606476
165.498401642
163.776302338
162.552242279
160.832939148
159.651386261
157.93529892
156.796516418
155.084033966
153.988330841
152.279949188
151.227474213
149.52363205
148.514667511
146.815635681
145.850311279
144.156665802
143.235042572
141.54718399
140.669174194
138.987510681
138.153312683
136.478355408
135.687618256
134.019706726
133.272396088
131.612049103
130.907936096
129.255512238
128.594127655
126.950187683
126.331295013
124.696151733
124.119213104
122.493408203
121.957733154
120.341812134
119.846828461
118.241176605
117.786037445
116.191173553
115.775161743
114.191474915
113.813541412
112.241695404
111.900821686
110.341304779
110.036312103
108.489658356
108.219425201
106.686214447
106.449462891
104.930118561
104.725379944
103.220748901
103.046642303
101.557098389
101.412174225
99.9384613037
99.821105957
98.363822937
98.2724189758
96.832244873
96.7652683258
95.3428287506
95.2985973358
93.8944377899
93.8714313507
92.4862194061
92.4827785492
91.1171970367
91.1317138672
89.7862319946
89.8171920776
88.4924297333
88.5383071899
87.2347793579
87.294052124
86.0121669769
86.0833702087
84.8235416412
84.9053592682
83.6679019928
83.7590084076
82.5440864563
82.643157959
81.4509239197
81.5568714142
80.3872776031
80.4989585876
79.3519992828
79.4683475494
78.3438301086
78.463973999
77.3616809845
77.4847145081
76.4043884277
76.5295791626
75.470785141
75.5974292755
74.5599060059
74.6874141693
73.6706142426
73.7985553741
72.8021183014
72.9299850464
71.953420639
72.0808582306
71.1236839294
71.2503833771
70.3121318817
70.4378414154
69.5179576874
69.6424350739
68.7405395508
68.8636875153
67.979139328
68.1008281708
67.2332038879
67.3533535004
66.5021114349
66.6206645966
65.785320282
65.9022655487
65.0823249817
65.197725296
64.3926105499
64.5063877106
63.7157096863
63.8280525208
63.051235199
63.1621437073
62.398809433
62.5083370209
61.7580032349
61.8662204742
61.1284618378
61.2354946136
60.5098018646
60.6158084869
59.9018211365
60.006860733
59.3041038513
59.4082832336
58.7164096832
58.8198471069
58.1384086609
58.241235733
57.5698947906
57.6722736359
57.0106315613
57.1125869751
56.4603443146
56.5620479584
55.9188671112
56.0203704834
55.3858985901
55.4873371124
54.8612232208
54.9627342224
54.3447227478
54.4463863373
53.8361034393
53.9380340576
53.3353328705
53.4376335144
52.8421020508
52.9448013306
52.3562870026
52.4595394135
51.8777084351
51.9815864563
51.4062480927
51.5107727051
50.9416923523
51.0469474792
50.4839763641
50.5900440216
50.032875061
50.1398258209
49.5882854462
49.6961593628
49.1500587463
49.2589435577
48.7180767059
48.8279981613
48.2922115326
48.4032154083
47.8723449707
47.9844322205
47.458360672
47.5716056824
47.0501461029
47.1645450592
46.64752388
46.7631626129
46.2505254745
46.3673658371
45.8589220047
45.9769706726
45.4725904465
45.5919237137
45.0915498734
45.2121839523
44.715549469
44.8374795914
44.3446578979
44.4678936005
43.9786787033
44.1031503677
43.6174869537
43.7433242798
43.2610931396
43.3882331848
42.9093418121
43.0377111435
42.5621681213
42.6918344498
42.2194957733
42.3504047394
41.8811616898
42.0133781433
41.5471963882
41.6806621552
41.2174539566
41.352180481
40.8918361664
41.0278234482
40.5703458786
40.7075414658
40.2528352737
40.3912172318
39.939286232
40.0788164139
39.6295623779
39.7702817917
39.3236246109
39.4654636383
39.0213937759
39.1643381119
38.7227621078
38.8668708801
38.4277667999
38.5729198456
38.1362056732
38.2824468613
37.8481311798
37.9953594208
37.5633916855
37.7116765976
37.2819547653
37.4312448502
37.0037384033
37.1540260315
36.7287244797
36.8799657822
36.4567480087
36.6089715958
36.1878662109
36.3410463333
35.9219350815
36.0760726929
35.6589756012
35.8140192032
35.3987951279
35.5547866821
35.1414852142
35.2984361649
34.8869113922
35.0447425842
34.6350078583
34.7937898636
34.3858070374
34.5454530716
34.139122963
34.2997016907
33.8949766159
34.0564899445
33.6533870697
33.8157711029
33.4141454697
33.5775156021
33.1773805618
33.3416147232
32.9428958893
33.1080989838
32.7107019424
32.8768587112
32.4808244705
32.6478395462
32.2530555725
32.4210863113
32.0275297165
32.1964788437
31.8040542603
31.9740180969
31.5826892853
31.7535972595
31.3633432388
31.5352420807
31.1459798813
31.3188896179
30.9305276871
31.1044912338
30.7170114517
30.8920564651
30.5053691864
30.681473732
30.2956190109
30.4728250504
30.0875816345
30.2659387589
29.8813762665
30.0608301163
29.6768760681
29.8575382233
29.4741220474
29.6559257507
29.2730398178
29.4560403824
29.0736141205
29.257815361
28.875793457
29.0612277985
28.6796417236
28.8662700653
28.4850158691
28.672870636
28.2919301987
28.4810962677
28.1003799438
28.2908172607
27.9103240967
28.1019916534
27.7218561172
27.9146595001
27.53465271
27.729180336
27.3487901688
27.5446910858
27.1650085449
27.3609657288
26.9827709198
27.1791715622
26.8008956909
27.0044870377
26.6157608032
26.8209629059
26.4515428543
26.6390209198
26.2630491257
26.4774770737
26.089676857
26.2910718918
25.9173336029
26.1203517914
25.7436389923
25.9495096207
25.5719280243
25.7809343338
25.395966053
25.6085557938
25.2359347343
25.4362163544
25.0618934631
25.2848424911
24.8881797791
25.1041331291
24.736784935
24.9430642128
24.5624742508
24.7847518921
24.4003367424
24.6179227829
24.2401738167
24.4560756683
24.0779480934
24.2954282761
23.9203925133
24.1445508003
23.7501864433
23.9782004356
23.6075911522
23.8208289146
23.4414896965
23.6777777672
23.2804312706
23.5108366013
23.1394195557
23.3590288162
22.9758710861
23.2126235962
22.8254585266
23.0566253662
22.6749024391
22.9049248695
22.5242476463
22.7551321983
22.3770008087
22.6151852608
22.2166733742
22.4584703445
22.0849547386
22.3118910789
21.9290118217
22.1785383224
21.7775411606
22.02212286
21.647330761
21.8795104027
21.4931554794
21.7444319725
21.3516612053
21.5967736244
21.2130570412
21.4547319412
21.069940567
21.3161211014
20.9329032898
21.1829748154
20.783531189
21.0373125076
20.658721447
20.8992004395
20.5140528679
20.7755789757
20.3699836731
20.6277213097
20.2499895096
20.4942092896
20.1045627594
20.3690419197
19.9700870514
20.228805542
19.8439817429
20.0956096649
19.7064347267
19.9683527946
19.577996254
19.8390946388
19.4417705536
19.7047314644
19.3199563026
19.5745134354
19.187579155
19.458984375
19.0502204895
19.3193531036
18.9388227463
19.1943349838
18.8022279739
19.0776820183
18.674431324
18.9448957443
18.558652401
18.819922924
18.4279046059
18.7026281357
18.306098938
18.5779361725
18.1830830574
18.453209877
18.0637931824
18.3325858116
17.94227314
18.2209067345
17.8142924309
18.0920586586
17.7077770233
17.9737796783
17.5813803673
17.8655061722
17.4605369568
17.7398324013
17.3527479172
17.6234064102
17.2303991318
17.5136342049
17.1152157784
17.3959565163
17.002383709
17.2793741226
16.8885235786
17.168235302
16.7750148773
17.0594725609
16.6588749886
16.9418492317
16.5542464256
16.8308825493
16.4391198158
16.7276906967
16.3262166977
16.6115026474
16.2235159874
16.5025072098
16.1107740402
16.3988952637
16.0025467873
16.2893743515
15.8971385956
16.1805391312
15.7907452583
16.0767922401
15.6843204498
15.9731788635
15.5782752037
15.8652582169
15.4770207405
15.7622432709
15.3716812134
15.661798954
15.2679905891
15.5569314957
15.1683068275
15.454885006
15.0659394264
15.3558893204
14.9648799896
15.254981041
14.865688324
15.1542949677
14.7668452263
15.0564875603
14.6678652763
14.9586586952
14.5701851845
14.8602142334
14.4737906456
14.7637357712
14.3771281242
14.6681156158
14.2814626694
14.572283268
14.1869192123
14.477452755
14.0926766396
14.38367939
13.9990682602
14.2902059555
13.906396389
14.1972970963
13.8143377304
14.105389595
13.7228441238
14.0139613152
13.6321110725
13.9231553078
13.5420870781
13.8330211639
13.4526391029
13.7436051369
13.3638858795
13.6547384262
13.2758069038
13.5665168762
13.188372612
13.4789810181
13.1015610695
13.3919706345
13.0154280663
13.3056511879
12.9299302101
13.2199378014
12.8450133801
13.1348171234
12.7607769966
13.0503263474
12.6771299839
12.9664163589
12.5941505432
12.8831248283
12.5117182732
12.8003802299
12.4299397469
12.7182807922
12.3487660885
12.6367144585
12.2681410313
12.5557570457
12.1881978512
12.475383997
12.108767271
12.395529747
12.0299568176
12.316311121
11.9517278671
12.2375874519
11.8740713596
12.1594765186
11.7969963551
12.0818679333
11.7204625607
12.004817009
11.6445176601
11.928327322
11.5691416264
11.8523800373
11.4942679405
11.7769625187
11.4200174809
11.7020716667
11.3462643623
11.6276965141
11.2730600834
11.5538578033
11.2004213333
11.480558157
11.1282961369
11.4077522755
11.0566933155
11.3354446888
10.9856324196
11.2636678219
10.9151148796
11.1924028397
10.8450565338
11.1216015816
10.7755718231
11.051337719
10.7065751553
10.9815256596
10.6380877495
10.9122478962
10.5700986385
10.8434257507
10.5026414394
10.7750742435
10.4356296062
10.7072155476
10.3691442013
10.6398603916
10.3031220436
10.5729329586
10.2375872135
10.5064995289
10.1725537777
10.4405093193
10.1079835892
10.3749916553
10.04387784
10.3099751472
9.98028278351
10.2453365326
9.91710639
10.1811852455
9.85443305969
10.1175069809
9.79218196869
10.0542087555
9.73039937019
9.99142098427
9.66910266876
9.92903184891
9.60819840431
9.8670976162
9.54776191711
9.80557489395
9.48781681061
9.74449443817
9.42820572853
9.68382620811
9.36915302277
9.62360954285
9.31041526794
9.5637819767
9.25222873688
9.50438952446
9.19435572624
9.44538068771
9.13698959351
9.38685703278
9.07998037338
9.32867574692
9.02340435982
9.27091789246
8.9672601223
9.21356987953
8.91152715683
9.15658807755
8.85617089272
9.10003781319
8.80126476288
9.04388689995
8.74670863152
8.98807787895
8.6926047802
8.93272995949
8.63886904716
8.87770962715
8.58552122116
8.82312774658
8.53255987167
8.76886510849
8.4800055027
8.71502304077
8.42783212662
8.66153168678
8.37599086761
8.60843968391
8.32460379601
8.55571985245
8.27355861664
8.50333428383
8.22288060188
8.45134186745
8.17257976532
8.39972996712
8.12264156342
8.34844112396
8.07307267189
8.29754376411
8.02386879921
8.24699902534
7.97503829002
8.19676208496
7.92650508881
8.14690971375
7.87843465805
8.09745430946
7.83063340187
8.04824781418
7.78320240974
7.99949717522
7.73614549637
7.95100855827
7.68937373161
7.90291881561
7.64302396774
7.85510110855
7.59692239761
7.8076980114
7.55128335953
7.76057577133
7.50583744049
7.7138030529
7.46084022522
7.66736674309
7.41611194611
7.62127494812
7.37174749374
7.57547211647
7.32769203186
7.53001570702
7.28396940231
7.48489165306
7.24057006836
7.44005489349
7.1974875927
7.39561200142
7.15476179123
7.35138297081
7.11226201057
7.30755639076
7.07019495964
7.26402378082
7.02831149101
7.22074317932
6.98686861992
7.17788934708
6.94565939903
7.13521885872
6.90474176407
7.09293985367
6.8641974926
7.05094027519
6.82389330864
7.00923252106
6.78391718864
6.96787261963
6.74426007271
6.92674851418
6.70486950874
6.88597846031
6.66578125954
6.84545946121
6.626983881
6.80524134636
6.58850431442
6.76535391808
6.55028676987
6.72571706772
6.51238179207
6.68640375137
6.4747262001
6.64736890793
6.43740081787
6.60860872269
6.40030241013
6.5701379776
6.36355090141
6.53195977211
6.32700419426
6.49407434464
6.29079842567
6.45645308495
6.25485491753
6.41907477379
6.21914625168
6.38204574585
6.18376326561
6.34522199631
6.1486120224
6.30872869492
6.11374616623
6.27247977257
6.07912039757
6.23651456833
6.04483532906
6.2008061409
6.01071238518
6.16533613205
5.97692847252
6.13023161888
5.94336342812
6.09527373314
5.91007065773
6.06066000462
5.87704575062
6.02628421783
5.84422767162
5.99214053154
5.81171953678
5.9583261013
5.77942717075
5.92465937138
5.7474013567
5.89136695862
5.71560108662
5.85822963715
5.68405640125
5.82541584969
5.65275716782
5.79282081127
5.6217290163
5.76047956944
5.59088885784
5.7283860445
5.56033289433
5.69654023647
5.52999353409
5.6649377346
5.49989032745
5.6335760355
5.4700152874
5.60246694088
5.44038808346
5.571585536
5.41098558903
5.54096579552
5.38182222843
5.51053333282
5.3528444767
5.48040628433
5.32411873341
5.45046234131
5.29564416409
5.42077052593
5.26731860638
5.39128684998
5.23932826519
5.36207473278
5.21144354343
5.33306157589
5.18384611607
5.30429685116
5.15642654896
5.2757140398
5.12923800945
5.24742305279
5.10226464272
5.21930134296
5.07548594475
5.19141221046
5.04893898964
5.16375887394
5.02258396149
5.13630795479
4.99643599987
5.10906517506
4.97050273418
5.08207476139
4.94476389885
5.05524301529
4.91923928261
5.02867221832
4.89388310909
5.00229895115
4.86875319481
4.9761248827
4.84383940697
4.95018625259
4.81906497478
4.92440128326
4.79454064369
4.89888560772
4.77015697956
4.87349104881
4.7460205555
4.84842669964
4.7220158577
4.82341134548
4.6982319355
4.79872882366
4.6746404171
4.77415215969
4.65119898319
4.74982655048
4.62799346447
4.72566783428
4.60492563248
4.70171058178
4.58204078674
4.67796134949
4.55935907364
4.65437936783
4.53683888912
4.63099956512
4.51449263096
4.60781514645
4.49235963821
4.58479201794
4.47031033039
4.56198513508
4.44856464863
4.53934800625
4.42684149742
4.5168684721
4.40541327
4.49464261532
4.38409209251
4.4725061655
4.3629270792
4.45062971115
4.34198510647
4.42887282372
4.32114493847
4.40734148026
4.30051088333
4.3859423399
4.27998638153
4.36474466324
4.25969076157
4.34368610382
4.23949050903
4.32286012173
4.21949839592
4.30213785172
4.19961059093
4.28161525726
4.17992544174
4.26125013828
4.16037547588
4.24106156826
4.14099526405
4.22103357315
4.1217212677
4.20117294788
4.10264098644
4.1814520359
4.08368396759
4.16192770004
4.06488060951
4.142557621
4.04623496532
4.12331140041
4.02771341801
4.10425424576
4.00938487053
4.08536112309
3.99110841751
4.06656491756
3.97307538986
4.04801666737
3.95512199402
4.02951276302
3.93732726574
4.01125347614
3.91964638233
3.99308466911
3.90214800835
3.9751355648
3.88474583626
3.95722770691
3.86748301983
3.93955051899
3.85037529469
3.92199993134
3.83339345455
3.90458965302
3.81653010845
3.88730168343
3.79980552197
3.87019515038
3.78323352337
3.85319197178
3.76675283909
3.83634316921
3.75040781498
3.81964790821
3.73423755169
3.80306887627
3.71808600426
3.7866383791
3.70219814777
3.77035593987
3.68629014492
3.75416791439
3.67062389851
3.7381503582
3.65500712395
3.72225785255
3.63955616951
3.7064743042
3.62418103218
3.69084405899
3.60897994041
3.67536902428
3.59384906292
3.65991914272
3.57885599136
3.64474380016
3.56399488449
3.62956392765
3.54918718338
3.61458837986
3.53458559513
3.59971046448
3.52000784874
3.58494365215
3.50559413433
3.57034397125
3.49128711224
3.55579280853
3.47707760334
3.54144215584
3.46299695969
3.52714252472
3.44899523258
3.51301395893
3.43514108658
3.49897253513
3.42135572433
3.48505675793
3.40770471096
3.47125458717
3.39416587353
3.45755422115
3.38069188595
3.44396972656
3.36735141277
3.43056249619
3.35411632061
3.41715335846
3.34094691277
3.40394949913
3.32798361778
3.39081716537
3.31496053934
3.37778019905
3.3021813035
3.36489295959
3.28944122791
3.35207343102
3.27677559853
3.33938241005
3.26425248384
3.32675933838
3.25178933144
3.31434345245
3.23948097229
3.30188441277
3.22718465328
3.28962516785
3.2150965929
3.27746140957
3.20298647881
3.26533865929
3.19102358818
3.25340163708
3.17916560173
3.24153029919
3.16734820604
3.22972393036
3.15571022034
3.21805512905
3.14405691624
3.20646953583
3.13256025314
3.19497811794
3.12115037441
3.18359529972
3.1098088026
3.17226374149
3.09857827425
3.16110229492
3.0873978734
3.14993834496
3.07634943724
3.13896799088
3.06536477804
3.12800991535
3.05444979668
3.11719250679
3.04364943504
3.10642898083
3.03290963173
3.09579634666
3.02226650715
3.08519816399
3.01169276237
3.07474547625
3.00121128559
3.06431889534
2.99080145359
3.05404943228
2.98048311472
3.04377949238
2.97024285793
3.03367733955
2.96007990837
3.02361011505
2.9499990344
3.01362234354
2.93998211622
3.00375914574
2.93008100986
2.99394565821
2.92019939423
2.98419928551
2.91044783592
2.97458308935
2.90072458982
2.96498388052
2.89111441374
2.955532372
2.8815703392
2.94608688354
2.87207424641
2.93679118156
2.86270403862
2.92750447989
2.85333281755
2.91835743189
2.84410142899
2.90925383568
2.83488249779
2.90019869804
2.82578772306
2.89129155874
2.81675457954
2.88235247135
2.80773448944
2.87360239029
2.79888242483
2.8648326993
2.78998786211
2.85619091988
2.78126990795
2.84759998322
2.7725276947
2.83905529976
2.7638964653
2.83063143492
2.75534164906
2.82225638628
2.7468188405
2.81391066313
2.73838764429
2.80569517612
2.73002517223
2.7974780798
2.72171312571
2.78940695524
2.71346729994
2.78134125471
2.70526355505
2.77337795496
2.69716066122
2.76544243097
2.68907982111
2.75762999058
2.68111693859
2.74979817867
2.67314684391
2.74211132526
2.6652995348
2.73443466425
2.65745776892
2.72682660818
2.64973592758
2.71930736303
2.64198935032
2.71182775497
2.63441449404
2.7044288516
2.62675076723
2.69704288244
2.61930191517
2.68979161978
2.6118016839
2.68249803782
2.60441035032
2.67535853386
2.59705203772
2.66821742058
2.58973401785
2.66116559505
2.58252453804
2.65414631367
2.5753210187
2.64721429348
2.56818687916
2.64029848576
2.56109952927
2.63346898556
2.55409520864
2.62672030926
2.54710096121
2.61993330717
2.54018688202
2.61328196526
2.53331387043
2.60666882992
2.52651757002
2.60008597374
2.51972532272
2.59354913235
2.51299756765
2.58713853359
2.50638389587
2.58067089319
2.49971723557
2.57429468632
2.49317467213
2.56804537773
2.48665952682
2.56174957752
2.48018759489
2.55550205708
2.47374129295
2.54937499762
2.46743494272
2.54331123829
2.46107912064
2.53708928823
2.45476186275
2.53118997812
2.44859564304
2.52524966002
2.44239675999
2.51918077469
2.43616938591
2.51336932182
2.43019634485
2.50767064095
2.42411988974
2.50166815519
2.41801989079
2.49591749907
2.4121415019
2.49054443836
2.40632337332
2.48462617397
2.40022158623
2.47873514891
2.39453238249
2.47390085459
2.38888782263
2.46802610159
2.38294053078
2.46173423529
2.37717139721
2.45775699615
2.37184894085
2.45187360048
2.36646169424
2.44481182098
2.35961651802
2.44233006239
2.35567218065
2.43549633026
2.35106748343
2.42859393358
2.34124803543
2.42707437277
2.34176194668
2.4179918766
2.33574962616
2.41489201784
2.32293379307
2.40925174952
2.33054125309
2.40165734291
2.31795078516
2.40277945995
2.30820316076
2.38867628574
2.31737357378
2.38969874382
2.29916149378
2.38898891211
2.29678934813
2.3691367507
2.30029541254
2.38058936596
2.28213524818
2.37279903889
2.28642135859
2.35257089138
2.2809472084
2.37151312828
2.26791316271
2.35495722294
2.27514076233
2.33961361647
2.26166504622
2.35970848799
2.256069839
2.33774626255
2.26198261976
2.32876080275
2.2440251708
2.34552633762
2.24512952566
2.32223916054
2.24772316217
2.31845593452
2.22785162926
2.33047944307
2.2344955802
2.3079071641
2.23299950361
2.30847620964
2.21280819178
2.31482684612
2.22420710325
2.29456871748
2.21779257059
2.29896086454
2.19895583391
2.29836153984
2.21411991119
2.28257203102
2.20201408863
2.28977763653
2.18658971786
2.2807956934
2.20385116339
2.27258121967
2.18545937538
2.28042858839
2.17644625902
2.26219069958
2.19214689732
2.26577103138
2.1685282588
2.26934313774
2.16923367977
2.24415814877
2.17685878277
2.26217663288
2.15336829424
2.25442391634
2.16359001398
2.23033189774
2.15800482035
2.25755935907
2.14258211851
2.23724615574
2.15558451414
2.22145867348
2.13977909088
2.24819469452
2.13456434011
2.22176915407
2.14486390352
2.21425431967
2.12377685308
2.23629420996
2.12719714642
2.20818853378
2.13298726082
2.2072917223
2.10936456919
2.22336775064
2.12018299103
2.19578438997
2.12032586336
2.20065993071
2.09637391567
2.20941895247
2.11346387863
2.18456536531
2.10689425468
2.19446539879
2.08474606276
2.19415801764
2.10696190596
2.17498654127
2.0924449563
2.18857938051
2.07502901554
2.17721807957
2.10004121065
2.16812080145
2.0767441988
2.18216103315
2.06828057766
2.15887874365
2.09073716402
2.16561096907
2.06055402756
2.17276251316
2.06532657146
2.14192968607
2.07592451572
2.16684234142
2.04734641314
2.15795916319
2.0634277463
2.13113313913
2.0569434762
2.16522049904
2.03978282213
2.14128535986
2.05775523186
2.12570059299
2.03947621584
2.15776407719
2.034899652
2.12710773945
2.04908722639
2.12131220102
2.0245923996
2.1477959156
2.03060269356
2.1148058176
2.03902220726
2.11712276936
2.01160013676
2.13642781973
2.02661085129
2.10382163525
2.02791851759
2.11330401897
2.00016534328
2.1235832572
2.02298265696
2.09428662062
2.01566195488
2.10992157459
1.99037545919
2.10893064737
2.01957714558
2.08675682545
2.00196564198
2.10675722361
1.98297023773
2.09209954739
2.01549649239
2.08272725344
1.98652243614
2.10253685713
1.97943240404
2.07371419668
2.00770765543
2.08425205946
1.97082489729
2.09389913082
1.98036587238
2.05796277523
1.99253129959
2.08955615759
1.95961916447
2.07860666513
1.98131108284
2.05015009642
1.97317034006
2.08999240398
1.95493960381
2.06235516071
1.97739797831
2.04743766785
1.95628279448
2.08408886194
1.95269054174
2.04906386137
1.97034680843
2.04538279772
1.94222706556
2.07558494806
1.95103377104
2.03765374422
1.96163880825
2.04362410307
1.93027037382
2.06517493725
1.94980967045
2.02781277895
1.95149642229
2.04218667746
1.92015236616
2.05292677879
1.94892680645
2.01961225271
1.93992817402
2.04123133421
1.91199827194
2.03836214542
1.94823408127
2.01395362616
1.92644321918
2.04032409191
1.90678656101
2.02108418941
1.94637274742
2.01276391745
1.910844028
2.03760260344
1.90643155575
2.00251930952
1.93911391497
2.01832199097
1.8956182003
2.02866953611
1.91092163324
1.98843580484
1.92264771461
2.02682256699
1.88674080372
2.01250934601
1.91382646561
1.98362362385
1.90289771557
2.02844899893
1.88470602036
1.99663001299
1.91110783815
1.98316800594
1.88645482063
2.02372384071
1.88475853205
1.98392122984
1.90527427197
1.98319602013
1.87303632498
2.01606404781
1.88558483124
1.97321915627
1.89733737707
1.9835075736
1.86206263304
2.00613832474
1.88678479195
1.96426779032
1.88772237301
1.98425918818
1.85310333967
1.99387478828
1.88842427731
1.95732808113
1.87630772591
1.9854516983
1.84648799896
1.9787183404
1.89018332958
1.95364409685
1.86242252588
1.98633158207
1.84373950958
1.96051895618
1.88972294331
1.95577967167
1.84630018473
1.98407119513
1.84692466259
1.94195812941
1.88142979145
1.96564096212
1.83200466633
1.97347807884
1.85451972485
1.9306101203
1.86279785633
1.97607690096
1.82613068819
1.95628255606
1.85831415653
1.92889046669
1.84291005135
1.97789549828
1.826628685
1.94095009565
1.85623294115
1.93034243584
1.82700902224
1.97378563881
1.82887810469
1.92869877815
1.85096901655
1.93223959208
1.8143042922
1.96641641855
1.83191376925
1.91862505674
1.84337192774
1.93451529741
1.80422765017
1.95630460978
1.8354293108
1.91059291363
1.83379399776
1.93721777201
1.79643398523
1.94337028265
1.83950144053
1.90506887436
1.82181382179
1.94027739763
1.79174482822
1.92687422037
1.84320342541
1.90389734507
1.80690056086
1.94230818748
1.79209393263
1.90739095211
1.84270322323
1.91033047438
1.79025363922
1.93888998032
1.79936367273
1.88991522789
1.83119404316
1.92431986332
1.77822124958
1.92532092333
1.80894821882
1.88265621662
1.81022542715
1.93490707874
1.77599143982
1.9075075984
1.81246834993
1.88388931751
1.79077589512
1.93606495857
1.77885472775
1.89284616709
1.81050372124
1.88706892729
1.77555143833
1.93187505007
1.7832826376
1.8811121583
1.80519729853
1.89073461294
1.7637693882
1.92410993576
1.78847372532
1.87175989151
1.7973626852
1.89482408762
1.75470548868
1.91315180063
1.79430538416
1.86476266384
1.78712683916
1.89945650101
1.74841699004
1.89857381582
1.80063349009
1.86124938726
1.77381455898
1.90397125483
1.74634775519
1.88002949953
1.80529165268
1.86384993792
1.75733479857
1.90578681231
1.75102090836
1.85970318317
1.80209046602
1.87582033873
1.7411878109
1.89883607626
1.76230216026
1.84560495615
1.78536224365
1.89246827364
1.73337423801
1.88182097673
1.77199149132
1.84342348576
1.763027668
1.901080966
1.73500961065
1.86430823803
1.77435159683
1.8470993042
1.74461907148
1.9010001421
1.74015641212
1.85044568777
1.77184557915
1.85192275047
1.73045757413
1.89591521025
1.74674892426
1.83946740627
1.76585134864
1.85728675127
1.71982741356
1.886972785
1.75407421589
1.83104193211
1.75720739365
1.86322593689
1.71211206913
1.87417209148
1.76226443052
1.82568657398
1.74543309212
1.86948621273
1.70813709497
1.85704100132
1.77020674944
1.82532429695
1.73001763225
1.87458056211
1.71007087827
1.83621543646
1.77349424362
1.8335545063
1.71238198876
1.8736332655
1.71998077631
1.81721794605
1.76404821873
1.8512121439
1.6991994679
1.86096835136
1.73363050818
1.8093072176
1.74216872454
1.86710262299
1.69707477093
1.84196430445
1.74135249853
1.81172025204
1.72026672959
1.87256997824
1.70206081867
1.82551831007
1.74209558964
1.81731462479
1.70335033536
1.87073516846
1.70954316854
1.81257277727
1.73831415176
1.82383865118
1.69071504474
1.86393529177
1.71818882227
1.80262374878
1.73120757937
1.83090770245
1.68148094416
1.85289472342
1.72785544395
1.7956764698
1.7208609879
1.83847898245
1.67586314678
1.83732879162
1.73800998926
1.79297542572
1.70674061775
1.84577399492
1.67545458674
1.81706941128
1.74579018354
1.79771727324
1.68913421035
1.84920883179
1.68289539218
1.79550695419
1.7437093854
1.81306797266
1.67243978381
1.84229332209
1.69749850035
1.78166538477
1.72596988082
1.83341854811
1.6651968956
1.82440960407
1.71030265093
1.78064793348
1.7018044591
1.84546607733
1.66840171814
1.80551105738
1.71513518691
1.78627365828
1.68162277341
1.84766131639
1.6762329042
1.79039353132
1.71390473843
1.79360330105
1.66658440232
1.84343987703
1.68592602015
1.77866518497
1.70847687125
1.80172282457
1.65564489365
1.83421719074
1.69679731131
1.77016246319
1.6995087564
1.81043505669
1.64843824506
1.82020443678
1.70857024193
1.76549702883
1.68672120571
1.81927835941
1.646004498
1.80106949806
1.71946638823
1.7671957612
1.66984859109
1.82585716248
1.65080657601
1.77859658003
1.72347927094
1.77900397778
1.65149280429
1.82438838482
1.66417232156
1.75998198986
1.71225047112
1.80022507906
1.63930609822
1.81015318632
1.68039444089
1.75390034914
1.68834587932
1.81855350733
1.63898774981
1.78996163607
1.68991044164
1.75813519955
1.66500791907
1.82588410378
1.6462174952
1.77234756947
1.69183847308
1.76599693298
1.64707776904
1.82475858927
1.65650376678
1.75865155458
1.68845251203
1.77496212721
1.63403403759
1.81771081686
1.66835865378
1.74840581417
1.68096572161
1.78462868929
1.62516009808
1.80538570881
1.68133682013
1.74197697639
1.66959655285
1.794662714
1.62077689171
1.78769761324
1.69442725182
1.74100011587
1.65385872126
1.80345988274
1.62293252349
1.7655338645
1.70323818922
1.74889290333
1.63512134552
1.80663412809
1.63381034136
1.74377977848
1.69934716821
1.76793473959
1.61913636327
1.79780656099
1.65105205774
1.73180150986
1.67908740044
1.79063457251
1.61377772689
1.7784113884
1.66539397836
1.73275607824
1.65334904194
1.80417579412
1.61902749538
1.75847762823
1.67127543688
1.74027520418
1.6321310401
1.80723237991
1.62929585576
1.74241417646
1.67044487596
1.74987542629
1.61651727557
1.80281203985
1.64180439711
1.73023927212
1.66478613019
1.76035314798
1.60559225082
1.79253220558
1.65573695302
1.72193044424
1.65486672521
1.77127325535
1.59929126501
1.77673137188
1.67027115822
1.71841555834
1.64066568017
1.78179454803
1.59879261255
1.75562077761
1.68260067701
1.72247368097
1.62261107564
1.78860878944
1.6063503325
1.73244273663
1.68581053615
1.73737347126
1.60430759192
1.78580653667
1.62228736281
1.71496266127
1.67247837782
1.76094585657
1.59338781238
1.77015095949
1.64015632868
1.71040135622
1.64692911506
1.78103560209
1.5945404768
1.74883812666
1.65104559064
1.71615046263
1.62216332555
1.78969097137
1.6037145853
1.73012030125
1.65372624993
1.72584432364
1.60322207212
1.78894323111
1.61646264791
1.71563541889
1.65034067631
1.73687636852
1.58983519673
1.78131222725
1.63095316291
1.70518052578
1.64228793979
1.74858766794
1.58127817512
1.76772218943
1.64647400379
1.69924092293
1.62985876203
1.76024603844
1.57810294628
1.74853014946
1.66122841835
1.69958078861
1.61325281858
1.76982098818
1.58198621869
1.72549146414
1.67040762305
1.70926833153
1.59433487058
1.77276587486
1.59453013539
1.7039861083
1.66604998708
1.72984272242
1.5786870122
1.76358413696
1.6132594049
1.69237315655
1.6451689899
1.75438714027
1.57356485724
1.74361592531
1.62946724892
1.69371771812
1.61793857813
1.77038258314
1.57963886857
1.72235220671
1.63704648614
1.70238208771
1.59491640329
1.77500760555
1.59169250727
1.70493203402
1.6369690299
1.71371310949
1.57815751433
1.7709402442
1.6064221859
1.69195389748
1.6313161552
1.72598880529
1.56684336066
1.76019752026
1.62253957987
1.6834282279
1.62100988626
1.73848128319
1.56082513928
1.74362397194
1.63880479336
1.68018335104
1.60639259219
1.75003540516
1.56098940969
1.72208052874
1.65223571658
1.68463903666
1.58840215206
1.75749689341
1.56890785694
1.69893318415
1.65677469969
1.69928234816
1.57010671496
1.75593018532
1.58506640792
1.68068766594
1.64535552263
1.72332602739
1.55812171102
1.74164122343
1.60455426574
1.67438417673
1.61999878287
1.74666172266
1.55790549517
1.71961295605
1.61845159531
1.67968273163
1.59287506342
1.75894266367
1.56740686297
1.69898927212
1.62342399359
1.69035774469
1.5714636445
1.76031327248
1.58167430758
1.68273961544
1.62112408876
1.7029696703
1.55654883385
1.75341778994
1.59799838066
1.67121744156
1.61344516277
1.71612143517
1.54727485776
1.74005806446
1.61510372162
1.66460090876
1.60128420591
1.72893261909
1.5436835289
1.72119253874
1.63120162487
1.66413491964
1.58523929119
1.73958915472
1.54678174853
1.69865047932
1.64243450761
1.67205661535
1.5668297112
1.7445923686
1.55781495571
1.67655640841
1.64235672355
1.69033175707
1.5500202477
1.7391358614
1.57605999708
1.66161501408
1.62589609623
1.71591037512
1.54131534696
1.72157460451
1.59535199404
1.65922105312
1.59821677208
1.7375331521
1.54467567801
1.69873458147
1.60733422637
1.66698920727
1.57163974643
1.74715572596
1.55657288432
1.67857480049
1.6103746295
1.67917370796
1.55150094628
1.74604219198
1.57257080078
1.66328644753
1.6063066721
1.69277203083
1.5380756259
1.73689228296
1.59003508091
1.65305346251
1.59711197019
1.70646303892
1.53048628569
1.72155481577
1.60762247443
1.64820563793
1.58365696669
1.71910011768
1.52889043093
1.70146274567
1.62300291657
1.64991730452
1.56692844629
1.72868025303
1.53414806724
1.67885941267
1.63202276826
1.66027194262
1.54878252745
1.7316313386
1.54709708691
1.65808397532
1.62865185738
1.68058288097
1.53339630365
1.72365868092
1.56638526917
1.64550024271
1.60926750302
1.7068040967
1.5269318521
1.70424419641
1.58539754152
1.64546781778
1.5804284811
1.72731119394
1.53250002861
1.68095803261
1.59633353353
1.65479642153
1.55399379134
1.73536628485
1.54615318775
1.66102880239
1.59811383486
1.66808229685
1.53460514545
1.73257905245
1.56343367696
1.64638280869
1.59286743402
1.68242740631
1.52218750119
1.7218773365
1.58172425628
1.63709390163
1.58262765408
1.69642108679
1.51588836312
1.70536535978
1.59932532907
1.63348472118
1.56855326891
1.70876550674
1.51561185718
1.68481600285
1.61394950747
1.63657319546
1.55172988772
1.71743530035
1.52203813195
1.66266107559
1.62155649066
1.64807903767
1.53408178687
1.71924155951
1.53578704596
1.64291805029
1.61667990685
1.66908252239
1.51952004433
1.71030414104
1.55547791719
1.63135182858
1.59619882703
1.69563949108
1.51401057839
1.69017207623
1.57462924719
1.63217425346
1.56670606136
1.71616756916
1.52055549622
1.66640883684
1.58547228575
1.6423689127
1.53987118602
1.72389370203
1.53531649709
1.64622843266
1.58678615093
1.65645807981
1.52057170868
1.72035652399
1.55349844694
1.63171935081
1.58103996515
1.6714130044
1.5085080564
1.70883071423
1.57239329815
1.62293565273
1.57026955485
1.68556833267
1.50285565853
1.69190305471
1.59000322223
1.61991769075
1.55603048205
1.69767552614
1.5032094419
1.67149841785
1.60411328077
1.62339222431
1.53953036666
1.70600622892
1.50983563066
1.6498876214
1.61137548089
1.63484150171
1.52236062288
1.70776587725
1.52339866757
1.63051950932
1.60684657097
1.65551143885
1.50794795156
1.69918382168
1.54302212596
1.6187313199
1.58698636293
1.68221473694
1.50202634931
1.67937231064
1.56281742454
1.61900907755
1.55715087056
1.70402264595
1.50827512145
1.65506792068
1.57470175624
1.62926876545
1.52919897437
1.71277701855
1.52348405123
1.63409078121
1.57654893398
1.64398139715
1.50903907418
1.70949184895
1.54244107008
1.61911565065
1.57076558471
1.65947139263
1.49675118923
1.69790166616
1.56177565455
1.610209167
1.56003528833
1.67389202118
1.49105879664
1.68101429939
1.57954740524
1.60717105865
1.54597353935
1.68598973751
1.49130642414
1.66110819578
1.59367883205
1.61023789644
1.52996650338
1.69445079565
1.49743029475
1.64007097483
1.60151156783
1.62066709995
1.51326265931
1.69696503878
1.51003709435
1.62072426081
1.59873539209
1.63986670971
1.49855533242
1.69011211395
1.52890741825
1.60767072439
1.5812124908
1.66624557972
1.49103811383
1.67180156708
1.54960155487
1.60595417023
1.55184075236
1.69028627872
1.49555748701
1.64707452059
1.56362009048
1.61537337303
1.52221256495
1.70170158148
1.51032808423
1.62472057343
1.56708025932
1.63028883934
1.50022467971
1.69996869564
1.52975717187
1.608551085
1.56210079789
1.64633393288
1.48676168919
1.68901389837
1.54972577095
1.59887945652
1.55172356963
1.66119331121
1.48036435246
1.67267096043
1.56785693765
1.59513789415
1.53817728162
1.67361503839
1.47991079092
1.65340131521
1.58246710896
1.59719747305
1.52276006341
1.68260157108
1.48494875431
1.63297963142
1.59149795771
1.60587787628
1.50656163692
1.68645566702
1.49591356516
1.61351162195
1.59153530002
1.6226721406
1.49140566587
1.68225604296
1.51326039433
1.59858888388
1.5780634284
1.64770501852
1.48155400157
1.66684496403
1.5344478786
1.59359705448
1.55073422194
1.67410862446
1.48274207115
1.64259344339
1.55155274272
1.60068762302
1.51923260093
1.68990164995
1.49593526125
1.61842143536
1.55792170763
1.61527019739
1.49435165524
1.69124764204
1.51542013884
1.60024136305
1.55462545156
1.63186830282
1.47869628668
1.68191540241
1.53606987
1.58898723125
1.54512020946
1.64740937948
1.4708840251
1.66643941402
1.55491095781
1.58396941423
1.53221827745
1.66049355268
1.46919730306
1.64793431759
1.57030510902
1.58460581303
1.51752567291
1.67028790712
1.47272911668
1.62817245722
1.58088120818
1.59113055468
1.50187149644
1.6757491231
1.48165127635
1.60870999098
1.58414974809
1.60480880737
1.48650678992
1.67461317778
1.49668639898
1.59207269549
1.57590994239
1.62697261572
1.47433671355
1.66352808475
1.51710727811
1.58291655779
1.55304986238
1.65455055237
1.47102925181
1.64145934582
1.53719183803
1.58587384224
1.52100747824
1.67598503828
1.48052576184
1.61564713717
1.54817679524
1.59899562597
1.49222689867
1.68245136738
1.49919342995
1.5946264565
1.54791972041
1.61590373516
1.47303691506
1.67605835199
1.5205321908
1.58091136813
1.53994059563
1.63238155842
1.4628290832
1.66200214624
1.54044169188
1.57401296496
1.52786448598
1.64638584852
1.45940291882
1.6444067955
1.55700811744
1.5727840662
1.51390042901
1.65724253654
1.46116033196
1.6253606081
1.56926298141
1.57697552443
1.49893176556
1.66432827711
1.46783751249
1.60610604286
1.57561993599
1.5873606801
1.48369306326
1.66619372368
1.47995844483
1.5883436203
1.57299867272
1.60547870398
1.46980300546
1.65999770164
1.49824860692
1.57528489828
1.55683013797
1.63153094053
1.46179509163
1.64260387421
1.51982963085
1.5723952651
1.5273116231
1.65796452761
1.46551498771
1.61684215069
1.5362662375
1.58182984591
1.49491077662
1.67203062773
1.48142576218
1.59242299199
1.54088124633
1.59835827351
1.47076037526
1.6705545783
1.50297352672
1.57524758577
1.53560730815
1.61581844091
1.45679655671
1.65890222788
1.52424544096
1.56558427215
1.52479448915
1.63117599487
1.45084053278
1.64240449667
1.54237082601
1.56216695905
1.51154828072
1.64329385757
1.45059657097
1.624099195
1.55638489127
1.56394827366
1.49726250768
1.6520050168
1.45497092605
1.60526701808
1.56551226974
1.57110667229
1.48245388269
1.65649741888
1.46414801478
1.58701044321
1.56779846549
1.58481377363
1.46791893244
1.65490269661
1.479041785
1.5711992979
1.55935657024
1.60682439804
1.45621088147
1.64372003078
1.49959862232
1.56227329373
1.5363740623
1.6347733736
1.4529800415
1.62139111757
1.52052396536
1.5653565824
1.50310531259
1.65733635426
1.46327006817
1.59453713894
1.53199893236
1.57942047715
1.47308883071
1.66387701035
1.48345777392
1.57282093167
1.53126996756
1.59752911329
1.45376488566
1.6564218998
1.50593531132
1.55937805772
1.5225636065
1.61446481943
