12304.0759277
11459.6335449
10820.6938477
10278.411377
9796.34643555
9357.28540039
8951.73364258
8573.9465332
8220.22265625
7888.05224609
7575.6706543
7281.77636719
7005.37353516
6745.65478516
6501.92919922
6273.57495117
6060.01635742
5860.70629883
5675.11828613
5502.75878906
5343.14880371
5195.82836914
5060.34851074
4936.26367188
4823.13623047
4720.5267334
4627.99243164
4545.08276367
4471.33605957
4406.27453613
4349.40380859
4300.20507812
4258.13879395
4222.63916016
4193.11706543
4168.96044922
4149.5411377
4134.22314453
4122.36987305
4113.36279297
4106.61547852
4101.59313965
4097.82836914
4094.93408203
4092.60522461
4090.61804199
4088.81860352
4087.10583496
4085.41931152
4083.72387695
4081.99768066
4080.22924805
4078.41064453
4076.53674316
4074.60205078
4072.60473633
4070.53991699
4068.4041748
4066.1932373
4063.90515137
4061.53527832
4059.0793457
4056.5345459
4053.89807129
4051.1640625
4048.32946777
4045.39208984
4042.34545898
4039.1862793
4035.91125488
4032.51391602
4028.99194336
4025.33862305
4021.55041504
4017.62182617
4013.54833984
4009.32446289
4004.94458008
4000.40405273
3995.69628906
3990.81616211
3985.75732422
3980.51293945
3975.07775879
3969.4440918
3963.60620117
3957.55761719
3951.29052734
3944.79724121
3938.07177734
3931.10595703
3923.89257812
3916.4230957
3908.69018555
3900.68493652
3892.39904785
3883.82434082
3874.95239258
3865.77294922
3856.27819824
3846.45666504
3836.3013916
3825.80187988
3814.94775391
3803.73022461
3792.13830566
3780.1607666
3767.78930664
3755.01220703
3741.81933594
3728.20043945
3714.14465332
3699.64074707
3684.67944336
3669.24853516
3653.33886719
3636.93945312
3620.0402832
3602.6307373
3584.70141602
3566.24194336
3547.24279785
3527.69519043
3507.59020996
3486.91967773
3465.67382812
3443.84570312
3421.42944336
3398.41687012
3374.80187988
3350.57922363
3325.74438477
3300.29321289
3274.22241211
3247.5300293
3220.21472168
3192.2755127
3163.71386719
3134.53131104
3104.73120117
3074.31829834
3043.29919434
3011.68060303
2979.4708252
2946.6819458
2913.32476807
2879.41381836
2844.96459961
2809.99493408
2774.52392578
2738.5725708
2702.16375732
2665.32366943
2628.07928467
2590.45959473
2552.49584961
2514.22174072
2475.67254639
2436.88580322
2397.90075684
2358.75830078
2319.50299072
2280.17871094
2240.8324585
2201.51275635
2162.26873779
2123.15112305
2084.21221924
2045.50390625
2007.07977295
1968.99285889
1931.29797363
1894.04754639
1857.29510498
1821.09332275
1785.49304199
1750.54486084
1716.29693604
1682.79577637
1650.0848999
1618.20587158
1587.1965332
1557.09112549
1527.92111206
1499.71331787
1472.490448
1446.27166748
1421.07089233
1396.89770508
1373.75598145
1351.64474487
1330.5574646
1310.47994995
1291.39361572
1273.27261353
1256.08572388
1239.79626465
1224.36358643
1209.74472046
1195.89355469
1182.76333618
1170.30526733
1158.47128296
1147.21401978
1136.48910522
1126.25466919
1116.47210693
1107.10571289
1098.12268066
1089.48919678
1082.92633057
1077.51904297
1068.28536987
1060.93667603
1054.35110474
1047.90286255
1042.44622803
1036.91226196
1030.83392334
1024.34262085
1018.76211548
1013.10629272
1008.24920654
1002.63183594
997.377349854
991.539611816
986.504516602
981.008117676
976.224914551
970.587097168
965.614379883
959.91708374
955.028503418
949.414245605
944.56338501
938.819946289
933.866546631
928.071380615
923.119934082
917.299957275
912.311218262
906.387786865
901.319793701
895.332855225
890.22265625
884.175811768
879.00289917
872.869995117
867.622467041
861.423278809
856.114562988
849.85067749
844.472930908
838.138244629
832.689422607
826.294952393
820.78137207
814.330963135
808.751800537
802.247467041
796.604476929
790.053955078
784.352432251
777.76159668
772.004455566
765.378479004
759.569351196
752.915878296
747.060409546
740.386474609
734.489898682
727.802276611
721.869613647
715.176132202
709.2134552
702.521987915
696.535461426
689.853546143
683.849441528
677.18560791
671.170181274
664.532592773
658.512435913
651.909317017
645.890762329
639.330566406
633.319839478
626.811065674
620.814727783
614.365921021
608.389587402
602.009170532
596.058685303
589.755096436
583.8359375
577.61730957
571.734832764
565.60925293
559.768066406
553.743438721
547.948257446
542.032165527
536.287246704
530.487014771
524.796218872
519.118865967
513.485626221
507.937896729
502.365600586
496.953353882
491.444763184
486.174057007
480.731842041
475.607711792
470.234313965
465.26133728
459.95880127
455.140853882
449.910919189
445.251525879
440.09588623
435.597259521
430.517242432
426.181518555
421.177764893
417.005844116
412.079467773
408.071807861
403.223251343
399.379043579
394.608505249
390.926521301
386.233856201
382.712516785
378.097190857
374.733642578
370.195152283
366.985839844
362.523651123
359.464805603
355.077568054
352.164428711
347.850990295
345.078979492
340.837661743
338.201194763
334.030532837
331.523788452
327.421989441
325.039154053
321.004043579
318.739006042
314.76865387
312.615013123
308.707344055
306.658882141
302.811668396
300.862297058
297.073478699
295.216743469
291.48449707
289.714950562
286.037055969
284.348815918
280.723526001
279.111251831
275.536911011
273.995666504
270.470565796
268.995597839
265.518013
264.105102539
260.673744202
259.318603516
255.932273865
254.631401062
251.288696289
250.038696289
246.738708496
245.536315918
242.278114319
241.120559692
237.903465271
236.788040161
233.611274719
232.535705566
229.39881134
228.36100769
225.26360321
224.261398315
221.203327179
220.234992981
217.215957642
216.280010223
213.300037384
212.394916534
209.453971863
208.578338623
205.676532745
204.829227448
201.96673584
201.146770477
198.323810577
197.52999115
194.746879578
193.978408813
191.235466003
190.491416931
187.789009094
187.06855011
184.407089233
183.709571838
181.089267731
180.414077759
177.835426331
177.181755066
174.645160675
174.012355804
171.518287659
170.905845642
168.454536438
167.861728668
165.453475952
164.879817963
162.514961243
161.959873199
159.638679504
159.101486206
156.824108124
156.30431366
154.071025848
153.567977905
151.378738403
150.892002106
148.746803284
148.275718689
146.174724579
145.718635559
143.661724091
143.220050812
141.207027435
140.779373169
138.809963226
138.395664215
136.469631195
136.068027496
134.185230255
133.795879364
131.955734253
131.577976227
129.780059814
129.413513184
127.657253265
127.301307678
125.586162567
125.240367889
123.565666199
123.229614258
121.59469223
121.267894745
119.671760559
119.353996277
117.796035767
117.48683548
115.966007233
115.665174484
114.180606842
113.887908936
112.438566208
112.153699875
110.738595963
110.461456299
109.079423904
108.809942245
107.459875107
107.197921753
105.878667831
105.624334335
104.33480835
104.087924957
102.826768875
102.587509155
101.353553772
101.122037888
99.9140625
99.6903266907
98.5070724487
98.2913131714
97.1315517426
96.9238548279
95.7863273621
95.587020874
94.4704723358
94.2797088623
93.1828708649
93.0009021759
91.9226493835
91.7497730255
90.688709259
90.5251369476
89.4802532196
89.3262805939
88.296377182
88.152261734
87.1361675262
87.0021915436
85.9989376068
85.8753223419
84.8837394714
84.7708263397
83.7899074554
83.6879920959
82.7168521881
82.6260452271
81.6637001038
81.5844078064
80.6300411224
80.562412262
79.6151294708
79.5594234467
78.618478775
78.5749492645
77.6396579742
77.6084289551
76.6780071259
76.6593971252
75.7332878113
75.727355957
74.8048610687
74.8118743896
73.8926048279
73.9126491547
72.9959583282
73.0292034149
72.1145973206
72.1611862183
71.2483692169
71.3083591461
70.3968219757
70.4702682495
69.5596809387
69.6467056274
68.736782074
68.8374633789
67.9278125763
68.0420703888
67.1325206757
67.2604541779
66.3507995605
66.4923019409
65.5821876526
65.7372989655
64.8267631531
64.9954204559
64.0841941833
64.2662601471
63.3542423248
63.5497570038
62.6369171143
62.8456172943
61.9318027496
62.1536235809
61.2389144897
61.4737462997
60.5580387115
60.8056840897
59.8889656067
60.1492366791
59.231590271
59.5043544769
58.5857534409
58.870762825
57.9512815475
58.2483625412
57.328040123
57.6369953156
56.7159671783
57.0364694595
56.1147632599
56.4466733932
55.5243806839
55.867398262
54.9446153641
55.2985391617
54.3753967285
54.739938736
53.8164415359
54.1913824081
53.2676639557
53.652759552
52.7289829254
53.1238889694
52.200044632
52.6046009064
51.6809062958
52.0947713852
51.1713132858
51.5941495895
50.671090126
51.1026945114
50.1801576614
50.6201982498
49.6982507706
50.1464624405
49.2253322601
49.6813774109
48.761174202
49.2247571945
48.3056020737
48.7764539719
47.8585796356
48.3363342285
47.4197759628
47.9041805267
46.9891605377
47.4799423218
46.5665473938
47.0633850098
46.1517543793
46.6544141769
45.7446651459
46.252779007
45.3451080322
45.8584280014
44.9529237747
45.4711666107
44.5679388046
45.0908327103
44.1900415421
44.7173080444
43.8190860748
44.3504095078
43.4548330307
43.9900035858
43.0972824097
43.6359863281
42.7461462021
43.2881422043
42.4013195038
42.9463825226
42.0627193451
42.6105585098
41.7300930023
42.2804508209
41.4033918381
41.9560508728
41.0824098587
41.6371498108
40.76704216
41.3235816956
40.4570913315
41.0152454376
40.1525249481
40.7120571136
39.8531579971
40.4138154984
39.5588407516
40.1204557419
39.2694616318
39.8317890167
38.9848661423
39.5477495193
38.7049531937
39.26820755
38.4296379089
38.9930038452
38.1587104797
38.7220306396
37.8921661377
38.455286026
37.6298561096
38.1925296783
37.3715639114
37.9337253571
37.1173248291
37.6787319183
36.8669576645
37.4274301529
36.6203603745
37.1798601151
36.3774518967
36.9357566833
36.1381263733
36.6950788498
35.9022941589
36.4578084946
35.6698541641
36.2237024307
35.44069767
35.9928798676
35.2147808075
35.7650938034
34.9919729233
35.5402975082
34.772233963
35.3184709549
34.5554523468
35.0994844437
34.3415660858
34.8832921982
34.1304655075
34.6697921753
33.9221067429
34.4589290619
33.71641922
34.2506837845
33.5133314133
34.0448951721
33.3127822876
33.8415622711
33.1146535873
33.6406240463
32.9189195633
33.441945076
32.7255744934
33.2456150055
32.5344791412
33.0514097214
32.3455486298
32.8594040871
32.1588821411
32.6694922447
31.9742617607
32.4816007614
31.7916841507
32.2957391739
31.6111450195
32.11176157
31.4325447083
31.9297552109
31.2558465004
31.7496004105
31.0809941292
31.5712046623
30.9079442024
31.3945932388
30.7366976738
31.2197327614
30.5671505928
31.046497345
30.3992681503
30.8749761581
30.2330608368
30.7049860954
30.0684356689
30.5366153717
29.9054064751
30.3697657585
29.7438759804
30.2044267654
29.5838704109
30.0405673981
29.4252886772
29.8781046867
29.2681574821
29.7171201706
29.112429142
29.557413578
28.9580378532
29.3990955353
28.8050112724
29.2420711517
28.6532516479
29.08634758
28.5027513504
28.9318733215
28.3535470963
28.7786011696
28.2054681778
28.6265869141
28.0586848259
28.4757533073
27.9130377769
28.3259820938
27.7684798241
28.1774272919
27.625082016
28.0300059319
27.4827737808
27.8835968971
27.3415360451
27.7382874489
27.2013344765
27.594060421
27.0621762276
27.4507675171
26.9240036011
27.3085503578
26.7868542671
27.1672544479
26.6505866051
27.0269412994
26.5153765678
26.8876390457
26.3809800148
26.7491555214
26.2475523949
26.6117129326
26.1150345802
26.4750595093
25.9833021164
26.3393158913
25.8525691032
26.2044630051
25.7225475311
26.070458889
25.5934386253
25.9372558594
25.4650940895
25.8048582077
25.3375864029
25.6733088493
25.2107815742
25.5425271988
25.0848708153
25.4125299454
24.9595952034
25.2832832336
24.8351211548
25.1548266411
24.7113733292
25.0270709991
24.5882935524
24.9000639915
24.4659862518
24.7737526894
24.3443145752
24.6481590271
24.2233510017
24.5232801437
24.1030268669
24.3990678787
23.9833965302
24.2755060196
23.8643865585
24.1526522636
23.7460403442
24.0303959846
23.6282892227
23.9088182449
23.5112080574
23.7878665924
23.3946709633
23.6675314903
23.2787837982
23.5478630066
23.1634368896
23.428732872
23.0486907959
23.3102302551
22.9345645905
23.1923265457
22.8209152222
23.0750398636
22.7079052925
22.9582424164
22.5953626633
22.8420844078
22.4834632874
22.7264914513
22.3719906807
22.6113991737
22.2611122131
22.4969496727
22.1507267952
22.3829517365
22.0408563614
22.2695159912
21.9315142632
22.1566476822
21.8226857185
22.0442781448
21.714319706
21.9323987961
21.6064095497
21.8210802078
21.4990577698
21.7102732658
21.3921132088
21.5999116898
21.2857060432
21.4901394844
21.179731369
21.3807506561
21.0741848946
21.2719244957
20.9691634178
21.1635856628
20.8645777702
21.055709362
20.7604036331
20.9483027458
20.656703949
20.8414077759
20.5534234047
20.7349100113
20.4505839348
20.6289610863
20.3482141495
20.523411274
20.246193409
20.4183554649
20.1446838379
20.3137288094
20.0434994698
20.2095646858
19.9428553581
20.1058778763
19.8425159454
20.0025730133
19.7426657677
19.8997788429
19.6431899071
19.7973980904
19.5441250801
19.6954565048
19.4454345703
19.593957901
19.3471970558
19.4928927422
19.2493195534
19.3922643661
19.1518621445
19.292052269
19.0547952652
19.1922540665
18.9581141472
19.0928835869
18.8618125916
18.9939646721
18.7659244537
18.8954515457
18.6703858376
18.7973227501
18.5752840042
18.6996688843
18.4805078506
18.6024036407
18.3861794472
18.5055456161
18.2921113968
18.4091014862
18.1985793114
18.3131260872
18.105304718
18.2174696922
18.0124440193
18.1222867966
17.9199542999
18.0274648666
17.8278512955
17.9331188202
17.7360916138
17.8390851021
17.6446995735
17.7455105782
17.5537371635
17.6523351669
17.4630460739
17.5595378876
17.3727898598
17.4671583176
17.2828803062
17.3751630783
17.1933050156
17.2835683823
17.1041584015
17.1923747063
17.0153298378
17.1015944481
16.9268665314
17.0111818314
16.8387732506
16.9211339951
16.750980854
16.8315768242
16.663670063
16.7423152924
16.5765843391
16.653470993
16.4899492264
16.5650503635
16.4036364555
16.476957798
16.3176698685
16.3892767429
16.2320771217
16.3020186424
16.1468176842
16.2150862217
16.0619182587
16.1285955906
15.9773864746
16.0424222946
15.8931293488
15.9566802979
15.809340477
15.8713076115
15.7257928848
15.7863051891
15.6426730156
15.7017123699
15.559882164
15.6174538136
15.4774086475
15.5336055756
15.3952951431
15.4501357079
15.3135590553
15.367020607
15.2321081161
15.284270525
15.1510570049
15.2019441128
15.0703177452
15.1199138165
14.9899241924
15.0383059978
14.9098448753
14.9570891857
14.8301677704
14.8761944771
14.7507851124
14.7956967354
14.6717505455
14.7155487537
14.5930576324
14.6357975006
14.5147199631
14.5563585758
14.4367105961
14.4773755074
14.3590130806
14.3986389637
14.2816536427
14.320356369
14.2046399117
14.2423970699
14.127986908
14.1648085117
14.05164361
14.0875966549
13.9756009579
14.0106697083
13.8999354839
13.9342205524
13.8245666027
13.8580138683
13.7495379448
13.782282114
13.6748714447
13.7067658901
13.6004598141
13.6317017078
13.5264492035
13.5569930077
13.4527044296
13.4825634956
13.3793339729
13.408557415
13.3062767982
13.3348653316
13.2335448265
13.2615175247
13.1610686779
13.1885421276
13.0890469551
13.1159114838
13.0172235966
13.0436081886
12.9457890987
12.9716513157
12.874655962
12.9000821114
12.8038125038
12.828789711
12.7333259583
12.7579171658
12.6631772518
12.6872954369
12.593244791
12.6170830727
12.5237460136
12.5471715927
12.4544684887
12.4776186943
12.3855977058
12.408411026
12.3169741631
12.3395354748
12.2486667633
12.2709746361
12.1806812286
12.2027990818
12.1130285263
12.1348669529
12.0456316471
12.0673735142
11.9786334038
12.0001513958
11.9118201733
11.9332494736
11.8454477787
11.8667349815
11.7792847157
11.8004705906
11.713455677
11.7345964909
11.647957325
11.6690280437
11.5827336311
11.6037943363
11.5178492069
11.5388753414
11.4532308578
11.4742743969
11.3889424801
11.4100093842
11.3249342442
11.3460774422
11.2612524033
11.2824583054
11.1978187561
11.2191662788
11.1347558498
11.1561868191
11.0719182491
11.0935189724
11.0094585419
11.031195879
10.947247982
10.9691565037
10.8853411674
10.907446146
10.8237287998
10.8460588455
10.7624397278
10.7849900723
10.7014169693
10.7241973877
10.6406815052
10.6637783051
10.5802819729
10.6036427021
10.5201413631
10.5437998772
10.4603066444
10.4843039513
10.4007906914
10.4251022339
10.3415062428
10.3661956787
10.2825570107
10.3076171875
10.2238683701
10.2493503094
10.1654970646
10.1913685799
10.1073923111
10.133718729
10.0496065617
10.0763542652
9.99208378792
10.0193123817
9.93485569954
9.96256685257
9.87789702415
9.90611505508
9.82128620148
9.84997844696
9.76487874985
9.79412889481
9.70881867409
9.73860406876
9.65300559998
9.68334531784
9.59748315811
9.62843775749
9.54229831696
9.57376790047
9.48730325699
9.51942706108
9.43266010284
9.46537423134
9.37823653221
9.4116127491
9.32416701317
9.35819482803
9.27033638954
9.30498409271
9.2167801857
9.25214385986
9.16355204582
9.19955873489
9.11054635048
9.14729499817
9.05785679817
9.09527635574
9.00542593002
9.04359221458
8.95325136185
8.99214911461
8.90140461922
8.94107365608
8.84979319572
8.8901758194
8.79845499992
8.8396897316
8.74744486809
8.78940224648
8.69662046432
8.7394092083
8.64615130424
8.68973922729
8.59593343735
8.6403260231
8.54598212242
8.59120821953
8.49628281593
8.54234933853
8.44687080383
8.49380087852
8.39775705338
8.44553637505
8.3488676548
8.39752101898
8.30027723312
8.34982919693
8.251963377
8.30234527588
8.20387077332
8.25521159172
8.15610909462
8.20829391479
8.10855340958
8.16170954704
8.06132745743
8.1153652668
8.01427865028
8.06928515434
7.96760487556
8.02353286743
7.92111134529
7.97796082497
7.87494492531
7.93278336525
7.82899260521
7.88776183128
7.78330731392
7.84307026863
7.73789834976
7.79861903191
7.6927626133
7.75449061394
7.64786338806
7.71052646637
7.60320210457
7.66693472862
7.5588786602
7.62355494499
7.51474165916
7.58044719696
7.47088623047
7.53761124611
7.42727828026
7.49503540993
7.38392019272
7.45267319679
7.34086203575
7.41067934036
7.29801678658
7.36883592606
7.25542783737
7.32731986046
7.21312117577
7.286039114
7.17100954056
7.24499154091
7.12921822071
7.20425462723
7.08761441708
7.1637160778
7.04631459713
7.12348997593
7.0052087307
7.08344221115
6.96440398693
7.04370713234
6.9237883091
7.00419092178
6.88347578049
6.9649592638
6.84337997437
6.92595076561
6.80351698399
6.88718545437
6.76393532753
6.84870481491
6.72455525398
6.81038475037
6.68544137478
6.77243900299
6.64657950401
6.73460042477
6.60792636871
6.69710874557
6.56953752041
6.65980172157
6.53137767315
6.62275493145
6.49347066879
6.58596384525
6.45579731464
6.54938232899
6.41833460331
6.51305067539
6.38115751743
6.47695755959
6.34415650368
6.44112241268
6.30747056007
6.40551388264
6.27090954781
6.37006044388
6.2346714735
6.3349853754
6.19864010811
6.29998505116
6.16279518604
6.26535606384
6.12727296352
6.23085653782
6.09186422825
6.19660818577
6.05678880215
6.16263532639
6.02188825607
6.12884044647
5.98721671104
6.09528338909
5.95276987553
6.0619584322
5.91859054565
6.02883923054
5.88455462456
5.99595224857
5.85081088543
5.96331548691
5.81727528572
5.93083691597
5.78389549255
5.89860725403
5.75082707405
5.86662590504
5.7179454565
5.83479547501
5.68523454666
5.80325520039
5.65279722214
5.7718757391
5.62057340145
5.74072432518
5.58853232861
5.70977568626
5.55670082569
5.67905950546
5.52512323856
5.64856934547
5.49373185635
5.61823534966
5.4625351429
5.5881305933
5.43159651756
5.55827784538
5.40082252026
5.5285705328
5.37027895451
5.49911117554
5.33995103836
5.46978056431
5.30978727341
5.44072794914
5.27990400791
5.41185879707
5.25013446808
5.38316845894
5.22064518929
5.35474789143
5.1913049221
5.32640123367
5.16217660904
5.29838597775
5.13329279423
5.27047240734
5.10454833508
5.24277591705
5.07601237297
5.21531403065
5.04774188995
5.18801558018
5.01957321167
5.16085422039
4.99165844917
5.13401830196
4.96392679214
5.10724008083
4.93639945984
5.08070898056
4.90903031826
5.0543692112
4.88189649582
5.02820336819
4.85491073132
5.00225436687
4.82815897465
4.97641789913
4.80155420303
4.95087742805
4.77518975735
4.92542564869
4.74895513058
4.90016543865
4.72296619415
4.87513530254
4.69711506367
4.85021531582
4.67146456242
4.82555317879
4.6460108757
4.80101466179
4.62071323395
4.77668821812
4.5956530571
4.75249254704
4.57067096233
4.72851109505
4.54598724842
4.70470094681
4.52138447762
4.68103563786
4.49703800678
4.65757274628
4.47282469273
4.63424777985
4.44881021976
4.61116933823
4.4249573946
4.58813452721
4.401273489
4.5654053688
4.37779474258
4.54272758961
4.35443019867
4.52030158043
4.33131110668
4.49800872803
4.30830621719
4.47584760189
4.28549027443
4.45390927792
4.26286399364
4.4320807457
4.24038612843
4.4104360342
4.2180711031
4.38896393776
4.19593048096
4.36764419079
4.17397367954
4.34648478031
4.15213263035
4.32546365261
4.13048541546
4.3046400547
4.10904169083
4.28393304348
4.08765792847
4.26338422298
4.06657421589
4.24301636219
4.04551458359
4.2227653265
4.02470850945
4.20271480083
4.00400471687
4.18276643753
3.98348104954
4.16299366951
3.96312892437
4.14338445663
3.94290840626
4.12388324738
3.92284011841
4.10456085205
3.90295302868
4.08539319038
3.88319611549
4.06635439396
3.8635841608
4.04744708538
3.84414517879
4.02870881557
3.82484292984
4.01010644436
3.80570733547
3.99162471294
3.78668904305
3.97332119942
3.76786494255
3.95510733128
3.74912428856
3.93708491325
3.73060500622
3.91918492317
3.71214771271
3.90138590336
3.69391715527
3.88379740715
3.67574763298
3.86625909805
3.65778160095
3.84896504879
3.63993275166
3.83168399334
3.62221944332
3.81462407112
3.60465335846
3.79765987396
3.58722865582
3.78082036972
3.56993830204
3.7641248703
3.55278837681
3.7475656271
3.53577375412
3.7311296463
3.51888442039
3.71480429173
3.50212645531
3.69862627983
3.48554944992
3.68258547783
3.46901905537
3.66661703587
3.45269739628
3.6508346796
3.43643665314
3.63514184952
3.42038762569
3.61958909035
3.4044046402
3.60414886475
3.3885679245
3.58881521225
3.37285077572
3.57364547253
3.35728788376
3.5585488081
3.34180104733
3.5435769558
3.32648944855
3.5287617445
3.31127309799
3.51402318478
3.29618012905
3.49940419197
3.28122603893
3.48490464687
3.26638370752
3.4705748558
3.25165235996
3.45623373985
3.23704439402
3.44215714931
3.22257858515
3.4280589819
3.20818531513
3.41418397427
3.19394224882
3.4003278017
3.17978054285
3.38664543629
3.16580462456
3.37301468849
3.15185642242
3.35955357552
3.13808685541
3.34616577625
3.12440252304
3.33289110661
3.11083489656
3.31970715523
3.09734249115
3.3066599369
3.08403903246
3.29368400574
3.070771873
3.2808303833
3.05765873194
3.26807224751
3.04464286566
3.25543451309
3.03170335293
3.24286431074
3.01890981197
3.23044478893
3.00620752573
3.21806627512
2.99361056089
3.20584082603
2.98110890388
3.19366782904
2.96872961521
3.18160712719
2.95642447472
3.16967839003
2.94427424669
3.15778756142
2.93212902546
3.14603829384
2.92019534111
3.13438433409
2.90827983618
3.12278914452
2.89652186632
3.11131095886
2.88479715586
3.09991729259
2.87324136496
3.08863514662
2.86171340942
3.07742124796
2.85033452511
3.0663009882
2.83902215958
3.05530196428
2.8278220892
3.04433482885
2.81668764353
3.0334931612
2.80568772554
3.02276194096
2.79475319386
3.01205813885
2.78391343355
3.00149482489
2.7731487155
2.99097651243
2.76252055168
2.98061418533
2.75193876028
2.97023516893
2.74144953489
2.96001464128
2.73108267784
2.94985830784
2.7207570076
2.93976992369
2.71056139469
2.92979806662
2.70040744543
2.91986358166
2.69038939476
2.91007262468
2.68042421341
2.90028476715
2.67054283619
2.89064776897
2.66073328257
2.8810120821
2.65104007721
2.87155777216
2.6414283514
2.86209011078
2.63185352087
2.8527559638
2.62242752314
2.84348279238
2.61299723387
2.83425599337
2.60373586416
2.82516235113
2.59447461367
2.8160931468
2.58536559343
2.80714392662
2.57627558708
2.79822462797
2.56728160381
2.78940314054
2.5583769083
2.78067094088
2.54955124855
2.7719604373
2.54076564312
2.76337337494
2.53210073709
2.75481569767
2.52347737551
2.74635332823
2.51494514942
2.7379603982
2.50648277998
2.72962832451
2.49809026718
2.72139680386
2.48977535963
2.71318733692
2.48150253296
2.70508897305
2.47336894274
2.69702899456
2.46520972252
2.68902617693
2.45721286535
2.68113833666
2.44921720028
2.67326658964
2.44134938717
2.66549551487
2.43349099159
2.65777415037
2.42571985722
2.65013045073
2.41804945469
2.64254212379
2.41039472818
2.63500827551
2.40285468102
2.62754917145
2.39533466101
2.62013280392
2.38792014122
2.61282038689
2.3805526495
2.60551655293
2.37324082851
2.59832555056
2.36598449945
2.59114325047
2.35884255171
2.58408433199
2.35169446468
2.57700711489
2.34467184544
2.5700596571
2.33766335249
2.56313043833
2.33072960377
2.55628669262
2.32387065887
2.54948806763
2.31705200672
2.54274082184
2.31028687954
2.5360724926
2.30362200737
2.52942591906
2.29696756601
2.52286779881
2.2904137373
2.51634860039
2.28387850523
2.50986582041
2.27743571997
2.50350755453
2.27100998163
2.49710339308
2.2646740675
2.490855515
2.25838553905
2.48458141088
2.25212001801
2.47839844227
2.24598586559
2.47228038311
2.23981416225
2.46616405249
2.23376250267
2.46016716957
2.22774893045
2.45414787531
2.22175693512
2.44823348522
2.21586334705
2.44235992432
2.20998984575
2.43651682138
2.2041862011
2.43074756861
2.19842171669
2.42501056194
2.19271016121
2.41934770346
2.18707406521
2.41369056702
2.18144446611
2.40811914206
2.17589634657
2.40258669853
2.1703851223
2.39708346128
2.16491508484
2.39164191484
2.15952175856
2.38625401258
2.15415489674
2.38089507818
2.14882594347
2.37560105324
2.14357852936
2.3703340888
2.13833761215
2.36512482166
2.13316553831
2.35997128487
2.12804758549
2.35482501984
2.12292206287
2.34975355864
2.11793196201
2.34473454952
2.11291074753
2.33970874548
2.10797059536
2.33477973938
2.10305553675
2.329859972
2.09819865227
2.32501071692
2.0933778882
2.32016766071
2.08861583471
2.31541085243
2.08386516571
2.31064224243
2.07918679714
2.30596399307
2.07453078032
2.30129891634
2.06992697716
2.29667693377
2.0653501749
2.2920960784
2.06083673239
2.28752237558
2.05635118484
2.28307521343
2.05190914869
2.27855867147
2.04749590158
2.27416706085
2.04313534498
2.26975947618
2.03879237175
2.26542919874
2.03452116251
2.261100173
2.03025573492
2.25683611631
2.02604711056
2.2525844574
2.02189105749
2.24839442968
2.01772814989
2.24421775341
2.01363617182
2.24010765553
2.0095693469
2.2359893322
2.00555890799
2.2319380641
2.00153654814
2.22791725397
1.99760746956
2.22392499447
1.99367040396
2.21994435787
1.9897865653
2.2160795927
1.9859585166
2.21214950085
1.98210191727
2.20829463005
1.97834044695
2.20448982716
1.97461909056
2.20068347454
1.97084736824
2.19691956043
1.96721965075
2.19320708513
1.96354335546
2.18950557709
1.9599416852
2.18585878611
1.95632755756
2.18218916655
1.95282077789
2.17863070965
1.94927871227
2.17502564192
1.94577604532
2.17152613401
1.94235450029
2.16799265146
1.9388808012
2.16451925039
1.93553513288
2.16107356548
1.93211179972
2.15764582157
1.92882043123
2.15426594019
1.92550033331
2.15088057518
1.92220169306
2.14755523205
1.9189864397
2.14428544044
1.91575068235
2.14094460011
1.91254776716
2.13775151968
1.90941667557
2.1344987154
1.90624427795
2.13131678104
1.90318596363
2.1281709671
1.90005260706
2.12497782707
1.89702552557
2.12189906836
1.8940128088
2.11878502369
1.89100378752
2.11573672295
1.88804340363
2.11269766092
1.88506954908
2.10968846083
1.88218063116
2.10671287775
1.8792719245
2.10370892286
1.87641096115
2.10081684589
1.87356090546
2.09786891937
1.87075179815
2.09504067898
1.8679754734
2.09210693836
1.86517357826
2.08930295706
1.86245572567
2.08651345968
1.85970783234
2.08366018534
1.85701555014
2.080966115
1.85438168049
2.07814711332
1.85166466236
2.07546430826
1.8490960598
2.07276684046
1.84647518396
2.0700635314
1.84387516975
2.06741666794
1.84135842323
2.06479305029
1.83878463507
2.06216132641
1.8362968564
2.05958646536
1.83379662037
2.05702149868
1.83132839203
2.05444085598
1.82886916399
2.05195403099
1.82646173239
2.04942250252
1.82403433323
2.04693257809
1.82165676355
2.0444675684
1.81929284334
2.04201745987
1.8169438839
2.03961092234
1.81462192535
2.03715842962
1.81230777502
2.03482407331
1.81004780531
2.03242731094
