13973.9453125
13812.4643555
13683.4731445
13568.6396484
13461.7756348
13359.954834
13261.5522461
13165.5830078
13071.421875
12978.6452637
12886.9714355
12796.2019043
12706.1984863
12616.8640137
12528.1286621
12439.9460449
12352.2807617
12265.1101074
12178.4160156
12092.1860352
12006.4118652
11921.0883789
11836.2141113
11751.7895508
11667.8120117
11584.286377
11501.2089844
11418.5820312
11336.4064941
11254.6850586
11173.4191895
11092.6071777
11012.255127
10932.3618164
10852.9272461
10773.9519043
10695.4399414
10617.3862305
10539.7946777
10462.6650391
10385.9958496
10309.7895508
10234.0498047
10158.7753906
10083.9697266
10009.6308594
9935.76367188
9862.36743164
9789.44384766
9716.99316406
9645.01757812
9573.51538086
9502.48876953
9431.93969727
9361.86279297
9292.26489258
9223.14257812
9154.49951172
9086.33349609
9018.64916992
8951.44628906
8884.7277832
8818.49609375
8752.75317383
8687.50170898
8622.74414062
8558.48364258
8494.72412109
8431.46655273
8368.71142578
8306.46362305
8244.72387695
8183.49389648
8122.77539062
8062.57080078
8002.87915039
7943.70410156
7885.04248047
7826.89941406
7769.2734375
7712.16479492
7655.57666016
7599.50634766
7543.95898438
7488.93481445
7434.4362793
7380.46484375
7327.02246094
7274.10961914
7221.72924805
7169.87915039
7118.5637207
7067.78100586
7017.53222656
6967.81542969
6918.6328125
6869.98144531
6821.86206055
6774.27319336
6727.21411133
6680.68286133
6634.67919922
6589.20141602
6544.24951172
6499.82275391
6455.91967773
6412.53955078
6369.68237305
6327.34619141
6285.5300293
6244.2331543
6203.45458984
6163.18981934
6123.44018555
6084.2043457
6045.47851562
6007.26196289
5969.55236816
5932.34753418
5895.64587402
5859.4440918
5823.7409668
5788.53320312
5753.81787109
5719.59313965
5685.85583496
5652.60351562
5619.83288574
5587.54077148
5555.72558594
5524.38171387
5493.50769043
5463.09924316
5433.15441895
5403.66967773
5374.64050293
5346.06628418
5317.94189453
5290.26647949
5263.03613281
5236.24865723
5209.90100098
5183.99035645
5158.51501465
5133.47351074
5108.86096191
5084.67553711
5060.91516113
5037.57702637
5014.65808105
4992.15478516
4970.06481934
4948.38537598
4927.11242676
4906.24328613
4885.77478027
4865.70263672
4846.02404785
4826.73474121
4807.83178711
4789.30981445
4771.16589355
4753.39526367
4735.99401855
4718.95800781
4702.28271484
4685.96264648
4669.99487305
4654.37353516
4639.09399414
4624.15185547
4609.54162598
4595.25866699
4581.29833984
4567.65441895
4554.32299805
4541.29931641
4528.57653809
4516.15148926
4504.0189209
4492.17407227
4480.61083984
4469.32592773
4458.3145752
4447.57141113
4437.09277344
4426.875
4416.91320801
4407.20458984
4397.7434082
4388.52758789
4379.55175781
4370.81433105
4362.31188965
4354.03942871
4345.99462891
4338.17529297
4330.57653809
4323.1965332
4316.03198242
4309.07995605
4302.3371582
4295.80053711
4289.4675293
4283.33605957
4277.40112305
4271.66113281
4266.11315918
4260.75512695
4255.58190918
4250.59204102
4245.78259277
4241.15002441
4236.69226074
4232.40490723
4228.28637695
4224.33276367
4220.54077148
4216.90820312
4213.43139648
4210.10681152
4206.93103027
4203.90136719
4201.01513672
4198.26806641
4195.65710449
4193.17749023
4190.82763672
4188.60192871
4186.49804688
4184.51196289
4182.64025879
4180.87780762
4179.22253418
4177.66882324
4176.21337891
4174.85217285
4173.57995605
4172.39428711
4171.29003906
4170.2635498
4169.31030273
4168.42590332
4167.60668945
4166.84899902
4166.14868164
4165.50317383
4164.90637207
4164.3572998
4163.85192871
4163.3861084
4162.95800781
4162.56469727
4162.20349121
4161.87072754
4161.56494141
4161.28356934
4161.02514648
4160.78747559
4160.56799316
4160.36584473
4160.17871094
4160.00549316
4159.84436035
4159.69543457
4159.5559082
4159.42578125
4159.30273438
4159.1875
4159.07910156
4158.97607422
4158.87817383
4158.78479004
4158.69519043
4158.60913086
4158.52563477
4158.44494629
4158.36669922
4158.29101562
4158.21643066
4158.14306641
4158.07092285
4158.00012207
4157.93017578
4157.86157227
4157.79248047
4157.72424316
4157.65563965
4157.58862305
4157.52099609
4157.45336914
4157.38525391
4157.31738281
4157.25012207
4157.1817627
4157.11303711
4157.04443359
4156.97644043
4156.90600586
4156.83691406
4156.7668457
4156.69677734
4156.62536621
4156.55395508
4156.48217773
4156.40979004
4156.33654785
4156.26306152
4156.18908691
4156.11486816
4156.03930664
4155.96337891
4155.88684082
4155.81018066
4155.73205566
4155.65393066
4155.57580566
4155.4954834
4155.4152832
4155.33435059
4155.25244141
4155.17041016
4155.08728027
4155.00366211
4154.91894531
4154.83337402
4154.74780273
4154.66113281
4154.57348633
4154.48461914
4154.39611816
4154.30639648
4154.21557617
4154.12438965
4154.03173828
4153.93896484
4153.8449707
4153.75073242
4153.65478516
4153.55859375
4153.46166992
4153.36352539
4153.26416016
4153.16467285
4153.06408691
4152.96240234
4152.85986328
4152.75695801
4152.65222168
4152.54699707
4152.44116211
4152.33398438
4152.22607422
4152.11706543
4152.00744629
4151.89624023
4151.78442383
4151.67150879
4151.55810547
4151.44287109
4151.32727051
4151.21069336
4151.0925293
4150.97363281
4150.85388184
4150.73291016
4150.6105957
4150.4876709
4150.36340332
4150.2376709
4150.11157227
4149.98461914
4149.85571289
4149.72583008
4149.59484863
4149.46264648
4149.32946777
4149.19494629
4149.05981445
4148.92297363
4148.7845459
4148.64575195
4148.50585938
4148.36352539
4148.22058105
4148.07617188
4147.9309082
4147.78442383
4147.63647461
4147.48706055
4147.33642578
4147.18469238
4147.03125
4146.87683105
4146.7208252
4146.56335449
4146.40527344
4146.24450684
4146.0826416
4145.92053223
4145.75561523
4145.58996582
4145.42272949
4145.25415039
4145.08447266
4144.91235352
4144.73925781
4144.56408691
4144.38757324
4144.21032715
4144.03039551
4143.85009766
4143.66760254
4143.48303223
4143.29711914
4143.10949707
4142.92077637
4142.72998047
4142.5378418
4142.34313965
4142.14733887
4141.94958496
4141.75085449
4141.54980469
4141.34729004
4141.14221191
4140.93603516
4140.72705078
4140.51696777
4140.30529785
4140.0916748
4139.8762207
4139.65808105
4139.4387207
4139.21655273
4138.99365234
4138.76782227
4138.5411377
4138.31079102
4138.07958984
4137.84594727
4137.60986328
4137.37207031
4137.13232422
4136.89050293
4136.6463623
4136.39978027
4136.15075684
4135.90002441
4135.64746094
4135.39208984
4135.13415527
4134.87414551
4134.61193848
4134.34716797
4134.08056641
4133.81103516
4133.53918457
4133.26525879
4132.98828125
4132.70983887
4132.42773438
4132.14367676
4131.8572998
4131.56787109
4131.27624512
4130.98168945
4130.68432617
4130.38464355
4130.08251953
4129.77685547
4129.46899414
4129.15844727
4128.84472656
4128.52880859
4128.20996094
4127.88793945
4127.56274414
4127.23474121
4126.90454102
4126.57092285
4126.23376465
4125.89404297
4125.55114746
4125.20568848
4124.85583496
4124.50402832
4124.14831543
4123.78979492
4123.42810059
4123.06274414
4122.69396973
4122.32226562
4121.94641113
4121.56799316
4121.18640137
4120.80004883
4120.41088867
4120.01806641
4119.62194824
4119.22192383
4118.81799316
4118.41040039
4117.99926758
4117.58459473
4117.16552734
4116.7434082
4116.31713867
4115.88684082
4115.45166016
4115.01416016
4114.57092285
4114.12487793
4113.67419434
4113.21972656
4112.76013184
4112.29724121
4111.82897949
4111.35717773
4110.88037109
4110.39916992
4109.91394043
4109.42333984
4108.92883301
4108.42932129
4107.92541504
4107.41650391
4106.90258789
4106.38415527
4105.86083984
4105.33239746
4104.79870605
4104.26062012
4103.71691895
4103.16833496
4102.61437988
4102.05493164
4101.49060059
4100.92053223
4100.34533691
4099.76464844
4099.17834473
4098.58654785
4097.9888916
4097.38574219
4096.77685547
4096.16235352
4095.5411377
4094.91503906
4094.28210449
4093.64379883
4092.9987793
4092.34802246
4091.6907959
4091.02709961
4090.35791016
4089.68127441
4088.99865723
4088.30944824
4087.61352539
4086.91101074
4086.20166016
4085.48535156
4084.76269531
4084.03295898
4083.29577637
4082.55200195
4081.80065918
4081.04309082
4080.27685547
4079.5045166
4078.72399902
4077.93579102
4077.14050293
4076.33703613
4075.52636719
4074.7076416
4073.88122559
4073.04626465
4072.20422363
4071.35314941
4070.49353027
4069.62597656
4068.75
4067.8659668
4066.97277832
4066.07165527
4065.16113281
4064.24206543
4063.31311035
4062.37683105
4061.42980957
4060.47436523
4059.50939941
4058.53466797
4057.55029297
4056.55737305
4055.5534668
4054.54101562
4053.51818848
4052.48522949
4051.44152832
4050.38793945
4049.3248291
4048.25085449
4047.1661377
4046.07055664
4044.96508789
4043.84838867
4042.72058105
4041.58190918
4040.43188477
4039.27050781
4038.09851074
4036.91430664
4035.71911621
4034.51135254
4033.29223633
4032.06152344
4030.81835938
4029.56335449
4028.29577637
4027.01623535
4025.72363281
4024.41882324
4023.10107422
4021.77001953
4020.42700195
4019.06970215
4017.69995117
4016.31616211
4014.91955566
4013.50866699
4012.0847168
4010.64624023
4009.19396973
4007.72790527
4006.24694824
4004.75146484
4003.24194336
4001.71789551
4000.1784668
3998.62402344
3997.05456543
3995.46948242
3993.86889648
3992.25280762
3990.62084961
3988.97314453
3987.30908203
3985.6282959
3983.93200684
3982.21875
3980.48840332
3978.74145508
3976.9777832
3975.19677734
3973.39819336
3971.58203125
3969.7487793
3967.89697266
3966.02734375
3964.1394043
3962.23449707
3960.30969238
3958.36669922
3956.40563965
3954.42419434
3952.42443848
3950.40539551
3948.36706543
3946.30871582
3944.23071289
3942.1328125
3940.01428223
3937.87585449
3935.71704102
3933.53723145
3931.33764648
3929.11560059
3926.8737793
3924.60998535
3922.32458496
3920.01672363
3917.68798828
3915.3371582
3912.96386719
3910.56811523
3908.14941406
3905.70910645
3903.24487305
3900.75744629
3898.2467041
3895.71264648
3893.15405273
3890.57250977
3887.96630859
3885.33618164
3882.68054199
3880.00097656
3877.29541016
3874.5657959
3871.8104248
3869.02978516
3866.22241211
3863.39050293
3860.53186035
3857.64672852
3854.73547363
3851.79711914
3848.83190918
3845.84008789
3842.8203125
3839.77355957
3836.69885254
3833.59631348
3830.46606445
3827.30712891
3824.11914062
3820.90368652
3817.6583252
3814.3840332
3811.08032227
3807.74731445
3804.38415527
3800.9909668
3797.56787109
3794.11425781
3790.62963867
3787.11499023
3783.56860352
3779.99072266
3776.38183594
3772.74169922
3769.06970215
3765.36523438
3761.62817383
3757.85900879
3754.05737305
3750.22302246
3746.35546875
3742.45446777
3738.52050781
3734.55273438
3730.55163574
3726.51635742
3722.44641113
3718.34265137
3714.20446777
3710.03125
3705.82336426
3701.58068848
3697.30200195
3692.98840332
3688.63916016
3684.25415039
3679.83349609
3675.37585449
3670.88269043
3666.35266113
3661.78662109
3657.18273926
3652.54272461
3647.8651123
3643.15039062
3638.39819336
3633.60839844
3628.78112793
3623.9152832
3619.01135254
3614.06982422
3609.08935547
3604.07067871
3599.01306152
3593.91638184
3588.78112793
3583.60656738
3578.39233398
3573.13903809
3567.84570312
3562.51306152
3557.14050293
3551.72741699
3546.27441406
3540.78112793
3535.24731445
3529.67297363
3524.05859375
3518.40246582
3512.70605469
3506.96850586
3501.18981934
3495.36987305
3489.50866699
3483.60644531
3477.66247559
3471.67700195
3465.64990234
3459.58117676
3453.47045898
3447.31787109
3441.12353516
3434.88793945
3428.60949707
3422.28930664
3415.92712402
3409.52270508
3403.0760498
3396.5871582
3390.05639648
3383.48388672
3376.86804199
3370.21020508
3363.51025391
3356.76843262
3349.98449707
3343.1574707
3336.28857422
3329.37768555
3322.42468262
3315.42932129
3308.39123535
3301.31225586
3294.19018555
3287.02612305
3279.82006836
3272.57177734
3265.28137207
3257.94897461
3250.57421875
3243.15771484
3235.69921875
3228.19848633
3220.65612793
3213.07202148
3205.44604492
3197.77832031
3190.06945801
3182.31872559
3174.52758789
3166.69445801
3158.82049561
3150.90582275
3142.94995117
3134.95404053
3126.91717529
3118.84008789
3110.72290039
3102.56555176
3094.36853027
3086.13165283
3077.85546875
3069.53912354
3061.184021
3052.78997803
3044.35699463
3035.88494873
3027.37506104
3018.82672119
3010.24066162
3001.61676025
2992.95550537
2984.25738525
2975.52264404
2966.75140381
2957.94342041
2949.1005249
2940.22149658
2931.30761719
2922.35888672
2913.37536621
2904.35778809
2895.30651855
2886.22167969
2877.10375977
2867.95336914
2858.77087402
2849.5559082
2840.30975342
2831.03216553
2821.72424316
2812.3861084
2803.01745605
2793.61981201
2784.19274902
2774.73706055
2765.25323486
2755.74182129
2746.20288086
2736.63751221
2727.04516602
2717.42767334
2707.7845459
2698.11700439
2688.4251709
2678.70965576
2668.97143555
2659.20996094
2649.42700195
2639.62261963
2629.79760742
2619.95269775
2610.08789062
2600.20440674
2590.3024292
2580.38305664
2570.44647217
2560.49432373
2550.5255127
2540.54211426
2530.54431152
2520.53271484
2510.50817871
2500.47076416
2490.42199707
2480.36157227
2470.2911377
2460.21026611
2450.1206665
2440.0223999
2429.91625977
2419.80316162
2409.68395996
2399.559021
2389.42956543
2379.29620361
2369.15979004
2359.02093506
2348.88067627
2338.73962402
2328.59863281
2318.45861816
2308.32012939
2298.18414307
2288.05157471
2277.9230957
2267.79949951
2257.6817627
2247.57073975
2237.46661377
2227.37078857
2217.2835083
2207.20635986
2197.1394043
2187.08349609
2177.03961182
2167.00848389
2156.99102783
2146.98760986
2136.99975586
2127.0279541
2117.07269287
2107.13574219
2097.21728516
2087.31842041
2077.44012451
2067.58306885
2057.74841309
2047.93676758
2038.14923096
2028.38671875
2018.65008545
2008.94000244
1999.25762939
1989.60369873
1979.9788208
1970.38421631
1960.82080078
1951.28936768
1941.79052734
1932.32543945
1922.89434814
1913.49926758
1904.13989258
1894.81762695
1885.53283691
1876.28649902
1867.07983398
1857.91357422
1848.7878418
1839.70367432
1830.66186523
1821.66357422
1812.7088623
1803.79833984
1794.93353271
1786.11383057
1777.34130859
1768.61566162
1759.93811035
1751.30877686
1742.7286377
1734.1986084
1725.71868896
1717.2901001
1708.91296387
1700.58825684
1692.31616211
1684.09765625
1675.9331665
1667.82275391
1659.76782227
1651.76806641
1643.824646
1635.93780518
1628.1072998
1620.33477783
1612.61981201
1604.96282959
1597.36474609
1589.82525635
1582.3449707
1574.9241333
1567.5625
1560.26025391
1553.01806641
1545.83477783
1538.71105957
1531.64666748
1524.64187622
1517.69638062
1510.81082153
1503.98538208
1497.22000122
1490.51522827
1483.87139893
1477.28848267
1470.76657104
1464.30639648
1457.90759277
1451.57077026
1445.2956543
1439.0826416
1432.93188477
1426.84344482
1420.81735229
1414.85366821
1408.95254517
1403.11416626
1397.33828735
1391.62509155
1385.97476196
1380.38687134
1374.86181641
1369.39923096
1363.99914551
1358.66177368
1353.38632202
1348.17352295
1343.02270508
1337.93405151
1332.90704346
1327.94158936
1323.03790283
1318.19525146
1313.41360474
1308.69284058
1304.03244019
1299.43234253
1294.89199829
1290.41122437
1285.98980713
1281.62710571
1277.32254028
1273.07632446
1268.88726807
1264.75527954
1260.67956543
1256.65991211
1252.69534302
1248.78561401
1244.92956543
1241.12704468
1237.37710571
1233.67877197
1230.03152466
1226.43466187
1222.88711548
1219.38806152
1215.93661499
1212.53198242
1209.17297363
1205.85910034
1202.58883667
1199.36160278
1196.17596436
1193.03131104
1189.92648315
1186.8604126
1183.83209229
1180.84060669
1177.88461304
1174.96359253
1172.07620239
1169.22140503
1166.39846802
1163.60620117
1160.84396362
1158.11035156
1155.40499878
1152.72647095
1150.07440186
1147.44775391
1144.84561157
1142.26724243
1139.71194458
1137.17892456
1134.66748047
1132.1769104
1129.70654297
1127.25567627
1124.82385254
1122.41049194
1120.01477051
1117.63641357
1115.27502441
1112.92950439
1110.59991455
1108.28561401
1105.98638916
1103.70144653
1101.43078613
1099.17398071
1096.93054199
1094.70016479
1092.4826355
1090.27767944
1088.0847168
1085.90383911
1083.73452759
1081.5765686
1079.42990112
1077.29403687
1075.16860962
1073.05358887
1070.94894409
1068.85412598
1066.7689209
1064.69320679
1062.62677002
1060.56939697
1058.52078247
1056.48083496
1054.44961548
1052.4263916
1050.41162109
1048.40472412
1046.40567017
1044.41430664
1042.4303894
1040.45404053
1038.48486328
1036.52267456
1034.56750488
1032.61932373
1030.67785645
1028.74295044
1026.8145752
1024.89248657
1022.97650146
1021.06655884
1019.16281128
1017.26464844
1015.37213135
1013.48516846
1011.60345459
1009.72686768
1007.85543823
1005.98910522
1004.12722778
1002.2699585
1000.41726685
998.568817139
996.724334717
994.884063721
993.047454834
991.214569092
989.385345459
987.559234619
985.736541748
983.916778564
982.099914551
980.286102295
978.474945068
976.666290283
974.859863281
973.056091309
971.254119873
969.454437256
967.656768799
965.860809326
964.066619873
962.274200439
960.483154297
958.693908691
956.905944824
955.119293213
953.33380127
951.549743652
949.766693115
947.984466553
946.203430176
944.423187256
942.643798828
940.865112305
939.087127686
937.309753418
935.532989502
933.756774902
931.980773926
930.205383301
928.430267334
926.655517578
924.88092041
923.106658936
921.332550049
919.558410645
917.784393311
916.010314941
914.236328125
912.462188721
910.687988281
908.913635254
907.139007568
905.364196777
903.589141846
901.81350708
900.037750244
898.261566162
896.485137939
894.708251953
892.930908203
891.15322876
889.374908447
887.596252441
885.817077637
884.037536621
882.257202148
880.476531982
878.695159912
876.913208008
875.130950928
873.347991943
871.564422607
869.780426025
867.995727539
866.210540771
864.424835205
862.638519287
860.851837158
859.064239502
857.27645874
855.487976074
853.698974609
851.909545898
850.119506836
848.329040527
846.538024902
844.746643066
842.954803467
841.162506104
839.369750977
837.576599121
835.783294678
833.989318848
832.195281982
830.400878906
828.60635376
826.811401367
825.016418457
823.221191406
821.425842285
819.630371094
817.834838867
816.039215088
814.243713379
812.44821167
810.652618408
808.857208252
807.062026978
805.266738892
803.471893311
801.6771698
799.882797241
798.088699341
796.294845581
794.501495361
792.708465576
790.915908813
789.123931885
787.332336426
785.54145813
783.751266479
781.961593628
780.172622681
778.384414673
776.59715271
774.810577393
773.024963379
771.240386963
769.456497192
767.673934937
765.892364502
764.111862183
762.332641602
760.55456543
758.777832031
757.002243042
755.228118896
753.45552063
751.684280396
749.914596558
748.146438599
746.37991333
744.61505127
742.851821899
741.090454102
739.330841064
737.573013306
735.817169189
734.063140869
732.311279297
730.561279297
728.813369751
727.067428589
725.323898315
723.582458496
721.843261719
720.106323242
718.371749878
716.63949585
714.909729004
713.182327271
711.45741272
709.735076904
708.015274048
706.298049927
704.58354187
702.871582031
701.162384033
699.4559021
697.752212524
696.051300049
694.353302002
692.65814209
690.965942383
689.276611328
687.590270996
685.906936646
684.226654053
682.549331665
680.875228882
679.204238892
677.536270142
675.871582031
674.209899902
672.551589966
670.89654541
669.244674683
667.596130371
665.950942993
664.308959961
662.67036438
661.03527832
659.403533936
657.775192261
656.150238037
654.5287323
652.910766602
651.296356201
649.685317993
648.077835083
646.473937988
644.873672485
643.276931763
641.683792114
640.094284058
638.508300781
636.926147461
635.34753418
633.772674561
632.20135498
630.633987427
629.070205688
627.510223389
625.953842163
624.401321411
622.852554321
621.307601929
619.766479492
618.229034424
616.695648193
615.165878296
613.640075684
612.117904663
610.599807739
609.085449219
607.575012207
606.068527222
604.565811157
603.067077637
601.572250366
600.081344604
598.594329834
597.111190796
595.632019043
594.156707764
592.685516357
591.218200684
589.754653931
588.29524231
586.839859009
585.388244629
583.940673828
582.497177124
581.0574646
579.621795654
578.190078735
576.762435913
575.338653564
573.919036865
572.503219604
571.091384888
569.683624268
568.279846191
566.880004883
565.484069824
564.092208862
562.704284668
561.320373535
559.940429688
558.564437866
557.192459106
555.824478149
554.460372925
553.10017395
551.744140625
550.391876221
549.043731689
547.699462891
546.359130859
545.022750854
543.690353394
542.361816406
541.037307739
539.716583252
538.399917603
537.087158203
535.778335571
534.473342896
533.172332764
531.875076294
530.581893921
529.292526245
528.007003784
526.725402832
525.447677612
524.17376709
522.903701782
521.637542725
520.375106812
519.116622925
517.8618927
516.611053467
515.36390686
514.120727539
512.881240845
511.645477295
510.41355896
509.185348511
507.960968018
506.740341187
505.523406982
504.310180664
503.100692749
501.894882202
500.6927948
499.494430542
498.299728394
497.108673096
495.92124939
494.737533569
493.557434082
492.380996704
491.208129883
490.038848877
488.873214722
487.711120605
486.552627563
485.397583008
484.246139526
483.098327637
481.953979492
480.813110352
479.675735474
478.5418396
477.4115448
476.284515381
475.161117554
474.040985107
472.9243927
471.811157227
470.701339722
469.594955444
468.491897583
467.392120361
466.295822144
465.202789307
464.113082886
463.026641846
461.943649292
460.863800049
459.787185669
458.713943481
457.64390564
456.57699585
455.513412476
454.45300293
453.395675659
452.341705322
451.290863037
450.243103027
449.198379517
448.156967163
447.118515015
446.083221436
445.050994873
444.021850586
442.995742798
441.972610474
440.95262146
439.935501099
438.921478271
437.910476685
436.90234375
435.897186279
434.89491272
433.895645142
432.899261475
431.90574646
430.915206909
429.927474976
428.942581177
427.960510254
426.981262207
426.005020142
425.03137207
424.060638428
423.092544556
422.127304077
421.164718628
420.204910278
419.247848511
418.293411255
417.341766357
416.392745972
415.446304321
414.502624512
413.56149292
412.623062134
411.687149048
410.753829956
409.8230896
408.894935608
407.969215393
407.046134949
406.125526428
405.207473755
404.291770935
403.378570557
402.467926025
401.559638977
400.653823853
399.750350952
398.849266052
397.950584412
397.054222107
396.160217285
395.268600464
394.379257202
393.492263794
392.607574463
391.725105286
390.844917297
389.966972351
389.091346741
388.217910767
387.34664917
386.477615356
385.610771179
384.746109009
383.883674622
383.023330688
382.165107727
381.309074402
380.455200195
379.603286743
378.753616333
377.905921936
377.06048584
376.216972351
375.375480652
374.536140442
373.698852539
372.863441467
372.030227661
371.198936462
370.369621277
369.542320251
368.716972351
367.893669128
367.072250366
366.252799988
365.435348511
364.619743347
363.806129456
362.994400024
362.18447876
361.376602173
360.570526123
359.766349792
358.964118958
358.163642883
357.365028381
356.568328857
355.773429871
354.980361938
354.189086914
353.399650574
352.612030029
351.826225281
351.042175293
350.259986877
349.479438782
348.700782776
347.923858643
347.148681641
346.375190735
345.603530884
344.833648682
344.065338135
343.298782349
342.534072876
341.770889282
341.009544373
340.249824524
339.491828918
338.735466003
337.980834961
337.227844238
336.476516724
335.726829529
334.978866577
334.23248291
333.487701416
332.744590759
332.003074646
331.263214111
330.524978638
329.788352966
329.053276062
328.319839478
327.588020325
326.857711792
326.129066467
325.401893616
324.676353455
323.95236969
323.229942322
322.509078979
321.789726257
321.071990967
320.355697632
319.640968323
318.927810669
318.216072083
317.505958557
316.797348022
316.090148926
315.38458252
314.680374146
313.977813721
313.276672363
312.576911926
311.878746033
311.182029724
310.486763
309.792984009
309.100624084
308.40977478
307.720359802
307.032363892
306.345832825
305.660705566
304.977088928
304.294868469
303.613922119
302.934593201
302.256637573
301.580039978
300.904846191
300.231025696
299.558670044
298.887710571
298.218109131
297.549873352
296.883094788
296.21761322
295.553634644
294.890869141
294.229507446
293.56955719
292.910919189
292.253662109
291.597755432
290.943199158
290.289978027
289.638168335
288.987564087
288.338348389
287.690490723
287.043914795
286.398727417
285.754730225
285.112136841
284.470840454
283.830810547
283.192184448
282.554679871
281.918640137
281.283859253
280.650375366
280.018135071
279.387153625
278.757522583
278.129119873
277.502037048
276.876152039
276.251602173
275.62828064
275.006149292
274.385398865
273.765830994
273.147521973
272.530471802
271.914649963
271.300086975
270.686759949
270.074661255
269.463752747
268.854141235
268.24571228
267.638504028
267.03250885
266.42780304
265.824241638
265.221954346
264.620758057
264.020851135
263.422096252
262.82459259
262.228263855
261.633132935
261.039161682
260.44644165
259.854827881
259.264511108
258.675239563
258.087242126
257.500350952
256.914672852
256.330154419
255.746810913
255.164627075
254.583587646
254.00378418
253.425094604
252.847518921
252.271102905
251.695892334
251.121803284
250.548873901
249.977081299
249.406478882
248.836929321
248.268569946
247.701370239
247.135253906
246.570297241
246.006416321
245.44379425
244.882217407
244.321739197
243.762428284
243.204185486
242.647109985
242.091133118
241.536262512
240.98261261
240.429916382
239.878425598
239.328018188
238.778755188
238.23059845
237.683494568
237.137550354
236.592704773
236.048950195
235.506286621
234.964782715
234.424316406
233.884941101
233.346740723
232.809555054
232.273445129
231.738525391
231.204673767
230.671844482
230.140182495
229.609634399
229.080055237
228.55165863
228.024330139
227.498085022
226.97290802
226.44884491
225.925857544
225.403968811
224.883125305
224.363349915
223.844673157
223.327087402
222.810600281
222.295166016
221.780853271
221.267585754
220.7554245
220.244316101
219.734222412
219.225349426
218.717414856
218.210609436
217.704940796
217.200294495
216.696708679
216.194160461
215.692764282
215.192382812
214.693107605
214.194892883
213.697799683
213.201751709
212.706710815
212.212768555
211.719978333
211.228157043
210.737426758
210.247817993
209.759216309
209.271713257
208.78528595
208.299911499
207.815574646
207.332336426
206.85018158
206.369018555
205.888977051
205.409934998
204.931991577
204.45513916
203.979324341
203.504547119
203.030860901
202.558166504
202.086624146
201.616081238
201.146591187
200.678192139
200.210784912
199.744434357
199.279186249
198.814975739
198.351772308
197.889621735
197.428535461
196.968505859
196.509552002
196.051548004
195.594657898
195.138774872
194.683921814
194.230190277
193.777347565
193.325634003
192.874973297
192.425315857
191.976657867
191.529052734
191.082508087
190.6369133
190.192428589
189.748908997
189.306442261
188.864952087
188.4245224
187.985099792
187.546695709
187.109256744
186.672924042
186.237586975
185.80317688
185.369812012
184.937507629
184.506126404
184.075782776
183.646442413
183.218048096
182.790771484
182.364395142
181.939033508
181.514625549
181.091236115
180.668884277
180.247463226
179.827030182
179.407604218
178.989200592
178.571670532
178.155189514
177.739704132
177.325141907
176.911582947
176.498947144
176.087356567
175.676692963
175.267009735
174.858287811
174.450523376
174.043762207
173.637882233
173.233016968
172.829097748
172.426166534
172.024139404
171.623069763
171.222999573
170.82383728
170.42565918
170.028347015
169.632045746
169.236637115
168.842254639
168.448734283
168.056159973
167.66456604
167.273914337
166.884159088
166.49533844
166.107463837
165.720539093
165.334541321
164.9494133
164.565261841
164.182010651
163.799739838
163.418300629
163.037849426
162.658321381
162.27967453
161.901973724
161.525215149
161.149299622
160.774311066
160.400279999
160.027153015
159.654911041
159.283584595
158.913124084
158.543663025
158.175075531
157.807346344
157.440559387
157.074687958
156.709690094
156.345584869
155.982349396
155.620071411
155.258686066
154.898162842
154.538566589
154.179801941
153.821994781
153.465023041
153.108974457
152.753772736
152.399501801
152.046085358
151.693565369
151.341911316
150.991130829
