7149.07836914
4800.27050781
4290.42687988
4181.95019531
4161.18664551
4155.04003906
4150.0612793
4144.43664551
4137.74829102
4129.47338867
4118.74328613
4104.09545898
4083.23242188
4053.41699219
4005.34191895
3926.59118652
3804.30297852
3640.76452637
3465.53051758
3136.30950928
2824.45391846
2553.57318115
2225.88592529
1944.3973999
1681.77801514
1585.6184082
1421.15643311
1352.87869263
1231.64486694
1255.93307495
1210.85858154
1207.02032471
1128.0428772
1159.71722412
1138.29693604
1147.46585083
1083.51083374
1104.69815063
1079.81356812
1092.38168335
1042.09896851
1054.30075073
1023.21337891
1033.79428101
993.706817627
999.680145264
965.380249023
971.344146729
936.61315918
938.089172363
903.373901367
904.321166992
871.647186279
869.577804565
835.842941284
832.837783813
800.966674805
796.477645874
764.170944214
759.050506592
728.023361206
722.62928772
692.003372192
686.659317017
657.130386353
652.32333374
623.862838745
619.654052734
592.49621582
589.121337891
563.543609619
560.833969116
536.926193237
534.805664062
512.862136841
510.996490479
491.061447144
489.195068359
471.477371216
469.24407959
453.741851807
450.875175476
437.67791748
433.900741577
422.947418213
418.095291138
409.373306274
403.314125061
396.707023621
389.405685425
384.823661804
376.278938293
373.567253113
363.84173584
362.863632202
352.039962769
352.624610901
340.817619324
342.808830261
330.140426636
333.37033844
319.973831177
324.287704468
310.295539856
315.539581299
301.085479736
307.117012024
292.329055786
299.011047363
284.015350342
291.220306396
276.136199951
283.740814209
268.685501099
276.574012756
261.658424377
269.717895508
255.049514771
263.17276001
248.852325439
256.935745239
243.057136536
251.003089905
237.651626587
245.367462158
232.619789124
240.021575928
227.941604614
234.954978943
223.593223572
230.159431458
219.547637939
225.62487793
215.774597168
221.339538574
212.245666504
217.29045105
208.932281494
213.46207428
205.809520721
209.841079712
202.853813171
206.413761139
200.047187805
203.170692444
197.373455048
200.100048065
194.815807343
197.188106537
192.358070374
194.421035767
189.98638916
191.787246704
187.691661835
189.276672363
185.464962006
186.878677368
183.299842834
184.585666656
181.191299438
182.388717651
179.133865356
180.280761719
177.124851227
178.255729675
175.160469055
176.306652069
173.238124847
174.429302216
171.35591507
172.617450714
169.511619568
170.867889404
167.704013824
169.175552368
165.931591034
167.53767395
164.192955017
165.949951172
162.48733902
164.410427094
160.813980103
162.915950775
159.171665192
161.463691711
157.559989929
160.052295685
155.977798462
158.679016113
154.424964905
157.342483521
152.900398254
156.040664673
151.403713226
154.772850037
149.93447113
153.536605835
148.491584778
152.331676483
147.075263977
151.15593338
145.684310913
150.00945282
144.318523407
148.89024353
142.977546692
147.798110962
141.660606384
146.731651306
140.367546082
145.6901474
139.097587585
144.672969818
137.850578308
143.679443359
136.62600708
142.708328247
135.423286438
141.759185791
134.242481232
140.831176758
133.082489014
139.923847198
131.94348526
139.035972595
130.824565887
138.167427063
129.725673676
137.316932678
128.646064758
136.48449707
127.585674286
135.669010162
126.543964386
134.870285034
125.521045685
134.088253021
124.516716003
133.322734833
123.531581879
132.574756622
122.564754486
131.842945099
121.615726471
131.12702179
120.684017181
130.425857544
119.768928528
129.739093781
118.870914459
129.066028595
117.988857269
128.406261444
117.12322998
127.759216309
116.273246765
127.124504089
115.439079285
126.501815796
114.619922638
125.890041351
113.81615448
125.289810181
113.027259827
124.699359894
112.252933502
124.119487762
111.492916107
123.548931122
110.747173309
122.987571716
110.015468597
122.434688568
109.297418594
121.890449524
108.592596054
121.353713989
107.901569366
120.824905396
107.223201752
120.30273819
106.557950974
119.787372589
105.90536499
119.278316498
105.265464783
118.774950027
104.637531281
118.277444839
104.022033691
117.784612656
103.418447495
117.297002792
102.826530457
116.813819885
102.246114731
116.334493637
101.677093506
115.859525681
101.119075775
115.387722015
100.572032928
114.919729233
100.035560608
114.45448494
99.5092067719
113.992523193
98.9937362671
113.53288269
98.4873847961
113.0760746
97.9912242889
112.621595383
97.5044307709
112.169132233
97.0269355774
111.719076157
96.5580749512
111.270534515
96.0984020233
110.824316025
95.6468429565
110.37922287
95.2036876678
109.936553955
94.7686634064
109.494810104
94.3410930634
109.055122375
93.9212265015
108.616680145
93.5085754395
108.179655075
93.1030063629
107.744409561
92.7041530609
107.310056686
92.3120975494
106.877939224
91.9258785248
106.446378708
91.5460948944
106.016832352
91.1724853516
105.588457108
90.8038234711
105.162038803
90.4411449432
104.736175537
90.0837841034
104.312711716
89.731306076
103.891101837
89.3833618164
103.470016479
89.0413341522
103.051145554
88.7027206421
102.635503769
88.3680992126
102.220384598
88.0393428802
101.804843903
87.7146701813
101.396371841
87.3902130127
100.989990234
87.0723323822
100.576107025
86.7631969452
100.171094894
86.447845459
99.7838611603
86.1318092346
99.3726501465
85.8438529968
98.9486598969
85.5477275848
98.5978965759
85.2116718292
98.2257785797
84.9286670685
97.7425842285
84.7117233276
97.3000926971
84.4071521759
97.2931671143
83.7925491333
96.6712646484
84.1774673462
95.7179222107
83.4762477875
96.6599159241
83.1153316498
95.1478862762
83.2266769409
95.2775249481
82.5804367065
94.3653297424
82.8915500641
94.7770023346
81.6552238464
93.9330844879
82.2474956512
93.0677490234
81.9014854431
94.0024280548
80.6597042084
92.788520813
81.7181015015
91.9811306
80.8012561798
93.0385875702
80.1738700867
91.5767860413
80.7821407318
91.3908576965
79.8945121765
91.2305545807
80.1570167542
90.9303283691
79.2220458984
90.6434783936
79.6164226532
89.4623641968
79.4251480103
90.6328430176
78.0737571716
89.3143424988
79.2676677704
88.5758056641
78.3006095886
89.6744441986
77.6768016815
88.1906166077
78.3608970642
88.1166801453
77.4344367981
87.8539390564
77.7966060638
87.7146396637
76.7026042938
87.4141407013
77.3451480865
86.180398941
76.9669189453
87.5232944489
75.7058963776
86.0668830872
76.9925537109
85.5276679993
75.8576774597
86.422460556
75.5953655243
85.102191925
75.8276691437
85.2919330597
75.277551651
84.4090080261
75.6096935272
85.0579376221
74.1664028168
84.253156662
75.3679199219
83.2623920441
74.5025444031
84.6054153442
73.6345939636
83.0512275696
74.7184867859
82.944152832
73.5700836182
83.071056366
73.8846874237
82.5517807007
73.0505943298
82.5914611816
73.5705547333
81.2733669281
73.2338981628
82.6590995789
71.9835605621
81.2390232086
73.3731479645
80.8102664948
72.1470069885
81.6330890656
72.0201358795
80.4281616211
72.0821628571
80.7750644684
71.7849216461
79.6799240112
71.9471340179
80.6247463226
70.538848877
79.637052536
71.9338626862
78.892616272
70.8308181763
80.0609397888
70.3009910583
78.6344070435
71.0324459076
78.8754768372
70.1701316833
78.3680305481
70.5390605927
78.5958690643
69.2988071442
78.1925144196
70.4263744354
77.148973465
69.5782852173
78.4571285248
68.7592144012
77.0387535095
69.8766307831
77.0431957245
68.7356872559
77.1596794128
69.0215759277
76.7038230896
68.2255306244
76.8026657104
68.8774738312
75.5986633301
68.3759822845
76.8620223999
67.3544940948
75.5902385712
68.6437110901
75.3474178314
67.4422340393
75.9488658905
67.467420578
75.0144920349
67.256067276
75.3930664062
67.3327674866
74.2668933868
67.1975364685
75.273607254
66.0678310394
74.2785396576
67.3550510406
73.8018608093
66.2509918213
74.696269989
65.9563522339
73.5318527222
66.3258552551
73.9317684174
65.8457393646
73.1558189392
66.0022792816
73.6859455109
64.9078235626
73.0948543549
66.0227069855
72.3966064453
65.1300392151
73.40832901
64.5516300201
72.2265548706
65.3699817657
72.4308624268
64.4783630371
72.22306633
64.7363300323
72.1186828613
63.9011554718
72.0090198517
64.6502780914
71.1234264374
64.0593700409
72.1113090515
63.284412384
71.0585174561
64.3241710663
70.966468811
63.2882671356
71.3425388336
63.3702144623
70.6514987946
63.056728363
70.9382896423
63.2485179901
70.0075550079
63.0246543884
70.8157844543
62.1496086121
69.9962234497
63.1676616669
69.6439800262
62.2619743347
70.3603382111
61.980638504
69.3832302094
62.3042812347
69.7582130432
61.8744163513
69.1174678802
61.981880188
69.4833660126
61.1438903809
69.0391235352
61.9452056885
68.4813976288
61.3058395386
69.2589492798
60.7198562622
68.3189601898
61.4939613342
68.4295330048
60.657087326
68.440574646
60.821352005
68.1093120575
60.312292099
68.1746768951
60.682721138
67.4360599518
60.3632202148
68.1283111572
59.6468849182
67.3782787323
60.4939508438
67.154127121
59.6960353851
67.6930332184
59.5127830505
66.8795413971
59.6551866531
67.2248764038
59.3909282684
66.5893630981
59.4240932465
66.9638118744
58.7129068375
66.5176048279
59.3645095825
66.0887699127
58.8427047729
66.7142906189
58.302567482
65.9068870544
58.9628829956
66.0036048889
58.2348718643
66.0294532776
58.3495855331
65.6867923737
57.9491500854
65.7650699615
58.1850404739
65.1378173828
57.9672470093
65.6696281433
57.3190288544
65.0645389557
58.0056743622
64.821844101
57.3894042969
65.3358612061
57.0883979797
64.5757160187
57.3869857788
64.8591442108
56.9785203934
64.4531555176
57.0783433914
64.5672302246
56.5059671402
64.3276157379
56.9367322922
63.8982143402
56.6196556091
64.3938999176
56.0407142639
63.7681713104
56.6838617325
63.6745471954
56.0534677505
63.9992179871
55.9540748596
63.4054336548
55.939332962
63.6507472992
55.8141279221
63.132566452
55.8128385544
63.4222602844
55.2342643738
63.0523967743
55.7065839767
62.7357196808
55.3628759384
63.1898574829
54.8469676971
62.5697956085
55.4053001404
62.5764274597
54.8294267654
62.7349262238
54.8173398972
62.3002605438
54.6518278122
62.451292038
54.6581535339
61.9703197479
54.6115312576
62.2733917236
54.0533676147
61.890291214
54.5125284195
61.6209907532
54.1869497299
62.0370349884
53.7043390274
61.448638916
54.2003135681
61.4783229828
53.688750267
61.5819416046
53.6774997711
61.2106609344
53.4945087433
61.3177890778
53.5191440582
60.8904800415
53.4747610092
61.153175354
52.9420204163
60.8022994995
53.3627700806
60.5492687225
53.0845594406
60.926366806
52.5978317261
60.3874568939
53.0776367188
60.3795871735
52.6120929718
60.5286216736
52.5446338654
60.13098526
52.4420137405
60.2467460632
52.4062671661
59.870929718
52.3911886215
60.0636100769
51.8923902512
59.7689723969
52.2566375732
59.5167179108
52.0430297852
59.8485050201
51.5298290253
59.3731746674
52.0149679184
59.2924137115
51.6003360748
59.5333480835
51.4172143936
59.0726413727
51.4752902985
59.20221138
51.3257875443
58.911813736
51.3344068527
58.9877700806
50.9023323059
58.7754745483
51.1864280701
58.5160694122
51.0386762619
58.7901115417
50.5083446503
58.391620636
50.9847841263
58.2383823395
50.6515741348
58.5537815094
50.310090065
58.0605831146
50.5791702271
58.1562271118
50.3081216812
58.0399608612
50.281036377
57.9357852936
50.0053119659
57.8422203064
50.1684713364
57.5871982574
50.07147789
57.7789154053
49.5751533508
57.4687709808
49.9974775314
57.2700386047
49.7640390396
57.5841789246
49.2775678635
57.1259346008
49.7256774902
57.1116085052
49.3965444565
57.2235374451
49.1987323761
56.9163265228
49.2163171768
56.922624588
49.1945858002
56.7261161804
49.0864257812
56.7762298584
48.7390003204
56.5646362305
49.0305767059
56.3692626953
48.8751420975
56.5903148651
48.3491868973
56.238407135
48.8484191895
56.1021194458
48.5712156296
56.3646774292
48.1271305084
55.9615268707
48.4952135086
55.9700889587
48.2977056503
55.9497718811
48.0415945053
55.807390213
48.0323419571
55.685760498
48.1181411743
55.586397171
47.9172763824
55.6082000732
47.6052913666
55.4054012299
47.9458179474
55.2414932251
47.7507448196
55.4364318848
47.228140831
55.1103858948
47.7586994171
55.0042304993
47.4980630875
55.1859054565
47.0098247528
54.8838195801
47.4163074493
54.8217525482
47.286482811
54.8365192413
46.8693418503
54.707025528
47.0305557251
54.543132782
47.0964632034
54.553981781
46.7449617386
54.4760627747
46.6457920074
54.3069953918
46.904668808
54.231054306
46.6464977264
54.2838497162
46.2456512451
54.0590705872
46.7369689941
53.9401950836
46.4750776291
54.0729427338
45.9511070251
53.8221359253
46.4789237976
53.7336158752
46.2825145721
53.7826499939
45.7550430298
53.6439533234
46.1477203369
53.4720230103
46.1250772476
53.5429267883
45.5625314713
53.4251251221
45.8357601166
53.2149677277
45.9466810226
53.3225898743
45.4128370285
53.1812114716
45.5104513168
52.9981594086
45.746679306
53.0464382172
45.3380184174
52.9572200775
45.1353807449
52.8019580841
45.5616168976
52.7354259491
45.2349834442
52.759185791
44.8118314743
52.5848827362
45.3339881897
52.4869728088
45.0946598053
52.5232753754
44.5672893524
52.4014263153
45.0514659882
52.2332820892
44.9719324112
52.3073616028
44.334438324
52.2074203491
44.7786598206
51.9692192078
44.8435544968
52.1207904816
44.1153440475
51.9819355011
44.5227642059
51.7203865051
44.6781263351
51.9337692261
43.9624204636
51.7297611237
44.2418889999
51.5262985229
44.4677124023
51.6856880188
43.9089107513
51.4937591553
43.8962526321
51.3749275208
44.2515916824
51.3720912933
43.8735132217
51.3052654266
43.5545892715
51.1920127869
44.0317850113
51.0906791687
43.7982702255
51.1096401215
43.2714090347
51.0107975006
43.7903347015
50.8291034698
43.7108850479
50.9186925888
43.0151443481
50.8276367188
43.5528125763
50.5638446808
43.6119585037
50.7479696274
42.7780580521
50.6178417206
43.3295898438
50.3092346191
43.4785966873
50.5866203308
42.5897159576
50.377448082
43.0988063812
50.0970668793
43.2886161804
50.4014806747
42.4972877502
50.1213111877
42.8143663406
49.9599552155
43.0506038666
50.1316785812
42.5033979416
49.9066352844
42.461643219
49.8353147507
42.8221502304
49.8104820251
42.5092697144
49.7350912094
42.1229772568
49.6656217575
42.609670639
49.5204372406
42.4723100662
49.559838295
41.8292531967
49.4921512604
42.4001111984
49.2411756516
42.4094419479
49.3954648972
41.5638713837
49.3018541336
42.2004652023
48.9680337906
42.3190374374
49.243768692
41.3303842545
49.0823173523
42.0075006485
48.7185306549
42.1816520691
49.0951604843
41.1568450928
48.8326997757
41.7968530655
48.5236787796
41.9784116745
48.9189052582
41.0878658295
48.5683269501
41.5228319168
48.4119358063
41.7218017578
48.650062561
41.1323041916
48.3491659164
41.1655664444
48.3122196198
41.4877958298
48.308927536
41.1937894821
48.1854629517
40.8018608093
48.1563148499
41.2980537415
47.9864778519
41.2047996521
48.0277223587
40.482503891
47.9834432602
41.1259746552
47.6802511215
41.1719846725
47.8830976486
40.2038755417
47.7889223099
40.9629430771
47.394654274
41.0963897705
47.7501544952
39.9706335068
47.5663328171
40.7988777161
47.1486167908
40.9656915665
47.621591568
39.8078355789
47.3162326813
40.6096925735
46.9725656509
40.7630033493
47.4688425064
39.7594833374
47.052113533
40.3478002548
46.894867897
40.5003166199
47.218079567
39.8482398987
46.8357114792
39.982755661
46.8427724838
40.2675132751
46.8631505966
39.9784011841
46.694890976
39.5908975601
46.7189092636
40.1045293808
46.519200325
40.0428371429
46.5705022812
39.2527990341
46.5620651245
39.9677820206
46.2088918686
40.0380105972
46.4580373764
38.9732961655
46.3818426132
39.8335924149
45.9353218079
39.9747943878
46.3558187485
38.751698494
46.1730461121
39.6881933212
45.7146759033
39.8491945267
46.2530059814
38.6049900055
45.9358930588
39.510509491
45.5684633255
39.6497011185
46.123459816
38.5739393234
45.6793804169
39.2592601776
45.5231132507
39.3862962723
45.8909425735
38.6913223267
45.4658241272
38.8961687088
45.5100908279
39.1531076431
45.5307388306
38.8688840866
45.3393058777
38.4905605316
45.4113397598
39.0068998337
45.1746616364
38.9698820114
45.2356557846
38.1436023712
45.2654266357
38.892282486
44.866027832
38.9825611115
45.1406345367
37.8667564392
45.0950393677
38.7754421234
44.6028928757
38.9276857376
45.05427742
37.6535110474
44.8953828812
38.6422348022
44.3976202011
38.8092918396
44.9666061401
37.5142450333
44.6650333405
38.4766330719
44.2678337097
38.6169071198
44.8551187515
37.4869041443
44.409702301
38.2409229279
44.2423620224
38.3538160324
44.6420993805
37.6184043884
44.1920814514
37.8847732544
44.262090683
38.1159229279
44.2789649963
37.8342046738
44.0734853745
37.4666442871
44.1852073669
37.9813632965
43.9121046066
37.9651288986
43.9849176407
37.1115837097
44.0482759476
37.8828573227
43.6068296432
37.9904632568
43.9017391205
36.8379116058
43.8875322342
37.7765007019
43.3530950546
37.9423885345
43.828122139
36.6325159073
43.6936149597
37.6506986618
43.1624746323
37.8277139664
43.753036499
36.5026788712
43.4641742706
37.4929208755
43.0509347916
37.6347970963
43.6542816162
36.4898414612
43.2053775787
37.2611875534
43.0524959564
37.365981102
43.4421367645
36.6513786316
42.9900903702
36.895318985
43.0988864899
37.1331558228
43.0599603653
36.9021778107
42.8875904083
36.4636211395
43.0271444321
37.0186395645
42.6910123825
37.0424890518
42.8098526001
36.1125068665
42.8961791992
36.9315500259
42.3962965012
37.0658302307
42.7369441986
35.8523721695
42.7396068573
36.8279790878
42.1589660645
37.013422966
42.6750946045
35.6643543243
42.540605545
36.7036857605
41.9915962219
36.8874292374
42.6113729477
35.5615720749
42.296459198
36.5417861938
41.9198818207
36.6703701019
42.5063657761
35.60252285
42.0305709839
36.2806177139
41.9736871719
36.388261795
42.2386674881
35.8383798599
41.8466396332
35.8663263321
42.017865181
36.1977405548
41.8178062439
36.0990333557
41.7733612061
35.4368209839
41.9188251495
36.1141214371
41.4774932861
36.2024269104
41.6971645355
35.1203517914
41.7901659012
36.025308609
41.2055912018
36.1997747421
41.6365776062
34.893445015
41.6182422638
35.9150247574
40.9994068146
36.1204681396
41.5861663818
34.743721962
41.3886022568
35.7830133438
40.8811740875
35.9498844147
41.5202579498
34.7113723755
41.1140394211
35.5831098557
40.8953132629
35.6787376404
41.3432273865
34.8813505173
40.8717098236
35.2259731293
40.9949045181
35.4276027679
40.9448547363
35.1935911179
40.7693891525
34.7628898621
40.9560594559
35.32604599
40.553902626
35.3708286285
40.7022666931
34.4006080627
40.8424472809
35.2463560104
40.266708374
35.4066562653
40.6384572983
34.150100708
40.696105957
35.1443824768
40.0384807587
35.3601083755
40.6001091003
33.9791679382
40.4777889252
35.0284204483
39.9007902145
35.2199411392
40.5541849136
33.9162912369
40.2070064545
34.8590669632
39.8959846497
34.9680156708
40.4201345444
34.0502557755
39.9465236664
34.5402231216
40.0120573044
34.6987810135
40.0571937561
34.373925209
39.8196048737
34.0759506226
40.0217142105
34.5826597214
39.6423988342
34.5949697495
39.7576322556
33.6914367676
39.9238824844
34.5049476624
39.3501691818
34.653793335
39.6906881332
33.4308109283
39.7955675125
34.4032831192
39.1110210419
34.6283588409
39.6598911285
33.2494277954
39.5846996307
34.2954177856
38.9676132202
34.5057220459
39.6250095367
33.1762580872
39.3215379715
34.1405944824
38.9604225159
34.2688570023
39.5110912323
33.2979564667
39.0623579025
33.8436803818
39.0842199326
34.0021247864
39.1761674881
33.6238470078
38.9255857468
33.3920984268
39.1263151169
33.8821430206
38.7656040192
33.8667268753
38.8665733337
33.0093717575
39.054019928
33.8022680283
38.4815759659
33.946890831
38.8030929565
32.7508115768
38.9475069046
33.7028112411
38.2435407639
33.9452342987
38.7830572128
32.5664663315
38.7494649887
33.6040363312
38.1055774689
33.8404073715
38.7553596497
32.4882221222
38.5014724731
33.4588680267
38.0989618301
33.6191673279
38.6557970047
32.598490715
38.2492599487
33.180106163
38.221865654
33.3582334518
38.3514432907
32.9160671234
38.0998735428
32.7476596832
38.2868719101
33.2282924652
37.9551887512
33.1720590591
38.0321960449
32.3708286285
38.2402009964
33.1351947784
37.6755838394
33.2759208679
37.9640722275
32.1092844009
38.152141571
33.03216362
37.4338588715
33.2992773056
37.9455776215
31.9160394669
37.9687604904
32.9372005463
37.2951135635
33.2156047821
37.9180440903
31.8250312805
37.7403001785
32.8015575409
37.275510788
33.0178203583
37.8359451294
31.906785965
37.4945192337
32.5524759293
37.382185936
32.7617092133
37.5806541443
32.1984996796
37.3200340271
32.1539230347
37.4718837738
32.6055698395
37.2051811218
32.4750261307
37.2323055267
31.7790937424
37.4562654495
32.4907283783
36.9249677658
32.6142702103
37.1506214142
31.5061607361
37.393371582
32.3788080215
36.6748819351
32.6721191406
37.1248121262
31.2958631516
37.2337827682
32.2831573486
36.5249156952
32.6213741302
37.0928192139
31.178730011
37.0319795609
32.158367157
36.4751491547
32.4620170593
37.0312299728
31.206281662
36.796959877
31.9521245956
36.5430860519
32.2174987793
36.84852314
31.4390277863
36.5872707367
31.61145401
36.6506299973
32.0168972015
36.5115003586
31.738404274
36.4607791901
31.2394247055
36.6744012833
31.8676481247
36.2260389328
31.9285593033
36.3512077332
30.9469890594
36.6484355927
31.7359371185
35.9612064362
32.0364627838
36.3062705994
30.7116889954
36.5236167908
31.6345310211
35.787820816
32.0357398987
36.2655086517
30.5589265823
36.3556747437
31.5205001831
35.6982126236
31.934718132
36.2170343399
30.5182380676
36.1480789185
31.3607606888
35.706902504
31.732667923
36.1132993698
30.6533203125
35.9201402664
31.1066436768
35.803237915
31.4943213463
35.8627614975
30.9450759888
35.7397422791
30.7684755325
35.8762149811
31.297088623
35.5864667892
31.2004680634
35.5931949615
30.4577140808
35.9080734253
31.1310515404
35.3129711151
31.3799543381
35.5195112228
30.1927700043
35.8396854401
31.0153188705
35.1096773148
31.4487762451
35.4742994308
30.0005159378
35.7123031616
30.9064674377
34.9856815338
31.4149599075
35.4312400818
29.9002914429
35.5437145233
30.7757415771
34.9400968552
31.2780790329
35.3772716522
29.9358549118
35.3296327591
30.594083786
34.9944496155
31.0407977104
35.230547905
30.1639089584
35.1077508926
30.3228054047
35.0926189423
30.7937994003
34.9924278259
30.4650783539
34.9166975021
30.0095424652
35.1821727753
30.5790576935
34.721323967
30.719376564
34.8022251129
29.7176809311
35.177573204
30.4373159409
34.485004425
30.8628482819
34.7529935837
29.4903421402
35.0846261978
30.3262324333
34.3332738876
30.8884706497
34.7150611877
29.3524475098
34.9422779083
30.2081384659
34.2586936951
30.8013219833
34.6814136505
29.3357753754
34.7469558716
30.0590219498
34.2851800919
30.5852608681
34.5901613235
29.5140037537
34.5149812698
29.8339252472
34.3864078522
30.3169035912
34.3881664276
29.8292384148
34.2975988388
29.5364427567
34.507062912
30.0675954819
34.1275920868
30.1284646988
34.1564092636
29.2372837067
34.5436382294
29.9021277428
33.8762454987
30.3194570541
34.106171608
28.9934039116
34.4701147079
29.7862653732
33.7154893875
30.3771924973
34.0757608414
28.8409662247
34.3380088806
29.6717391014
33.6399478912
30.3063316345
34.05073452
28.8165287971
34.1507320404
29.5286698341
33.6683063507
30.0946288109
33.969379425
28.9976663589
33.9205369949
29.3117337227
33.7730150223
29.826066494
33.7714281082
29.3239722252
33.7002344131
29.0244765282
33.9016437531
29.5694446564
33.5160341263
29.6320595741
33.5599584579
28.7341217995
33.9461679459
29.3959746361
33.2691192627
29.8313055038
33.5195522308
28.493806839
33.8714342117
29.2781386375
33.1215867996
29.8881869316
33.4977273941
28.3492865562
33.7371549606
29.1620998383
33.0668268204
29.8032917976
33.4743652344
28.3505997658
33.5497636795
29.0099673271
33.1158571243
29.5800223351
33.3728628159
28.5749392509
33.3260774612
28.7768654823
33.2237977982
29.3256425858
33.1583518982
28.9077210426
33.1194400787
28.495663166
33.3473882675
29.0795640945
32.9033946991
29.1998653412
33.0032215118
28.222178936
33.3755970001
28.9109869003
32.6752357483
29.3798794746
32.9798307419
27.9987797737
33.2871026993
28.7943587303
32.5558128357
29.4118022919
32.9647684097
27.8798928261
33.1459732056
28.672662735
32.5327329636
29.2943620682
32.9346008301
27.9315800667
32.9570531845
28.5007047653
32.6065444946
29.0606169701
32.7921152115
28.2114911079
32.7476062775
28.2429571152
32.7108354568
28.8323612213
32.5607423782
28.5305271149
32.5653133392
27.9739627838
32.8225240707
28.6030082703
32.3063526154
28.7939038277
32.4850358963
27.7190423012
32.8224439621
28.4465622902
32.1061191559
28.9401659966
32.4766731262
27.5188679695
32.7188911438
28.333258152
32.0184850693
28.9356985092
32.4649295807
27.4355659485
32.5715379715
28.2035245895
32.0272006989
28.7829504013
32.4192705154
27.5458989143
32.3835477829
28.0066490173
32.1198749542
28.553352356
32.2288484573
27.8657970428
32.1975927353
27.728205204
32.2126646042
28.3581533432
31.9881591797
28.1545681953
32.044924736
27.4739413261
32.3086156845
28.1492486
31.7376832962
28.3842778206
31.9980430603
27.2361707687
32.2825641632
28.0072026253
31.5639019012
28.4946112633
32.0003137589
27.0588612556
32.1685552597
27.8982820511
31.5002326965
28.4576096535
31.9910802841
27.0063409805
32.0167207718
27.7628936768
31.5328330994
28.2801046371
31.9287080765
27.1613183022
31.8339557648
27.5441122055
31.6375865936
28.0639801025
31.6988191605
27.5010199547
31.6768035889
27.2472243309
31.7144002914
27.908621788
31.4480991364
27.7590036392
31.5545225143
27.0014996529
31.7937707901
27.7246513367
31.2040205002
27.9550747871
31.5287866592
26.7783498764
31.7561454773
27.594379425
31.041261673
28.0394587517
31.5412464142
26.6147007942
31.6367139816
27.4924964905
30.9866781235
27.9845657349
31.5371990204
26.5732460022
31.4827709198
27.3599596024
31.0276260376
27.7987194061
31.4735994339
26.7366929054
31.3048963547
27.133415699
31.1453857422
27.5861883163
31.2227602005
27.0884380341
31.1725063324
26.8138642311
31.2097883224
27.473567009
30.9448213577
27.3353619576
31.0805444717
26.5585207939
31.2687330246
27.3248534203
30.7062339783
27.4999051094
31.0583658218
26.3443565369
31.2405605316
27.2012581825
30.5288848877
27.5738315582
31.0825233459
26.1786160469
31.1196193695
27.1070961952
30.4620332718
27.5195450783
31.0864753723
26.1180448532
30.9641828537
26.9882788658
30.4846229553
27.3409876823
31.0438327789
26.2372918129
30.7791757584
26.776951313
30.6081151962
27.1053638458
30.808555603
26.5793800354
30.6439170837
26.4338817596
30.6839914322
27.0004153252
30.4660797119
26.8641552925
30.5825853348
26.1306443214
30.7095069885
26.9140510559
30.2202281952
27.0041298866
30.5548915863
25.9149055481
30.7103328705
26.7987084389
30.0133991241
27.080406189
30.5896062851
25.7396502495
30.6043052673
26.7115244865
29.9165592194
27.048438549
30.6121892929
25.6444377899
30.4571466446
26.6187024117
29.9085922241
26.9014797211
30.6076164246
25.6918339729
30.2757358551
26.4585499763
30.017367363
26.6617293358
30.4668292999
25.9720516205
30.1192169189
26.1518340111
30.1670103073
26.5056090355
30.0998182297
26.3503432274
30.0765867233
25.7826652527
30.1865139008
26.4892935753
29.7995538712
26.5276989937
30.0635643005
25.5320587158
30.1971292496
26.4205131531
29.5762853622
26.6045856476
30.0942001343
25.3508768082
30.1412258148
26.3376817703
29.427233696
26.610522747
30.145108223
25.2231025696
30.0123844147
26.2673649788
29.3790082932
26.514564991
30.1748714447
25.1937775612
29.8491096497
26.1658182144
29.4282140732
26.3151698112
30.1460285187
25.3408756256
29.6663799286
25.9542636871
29.6041212082
26.0784182549
29.8934020996
25.7198596001
29.5728673935
25.5779333115
29.7271986008
26.014796257
29.4877157211
26.0453329086
29.5895118713
25.2285776138
29.7162761688
26.0315546989
29.2199678421
26.1539463997
29.612496376
25.0100660324
29.7036151886
25.9798994064
29.0235700607
26.1793270111
29.6695022583
24.8591356277
29.6178951263
25.9118337631
28.9128980637
26.1374158859
29.7265644073
24.7675223351
29.4741001129
25.8440079689
28.8976039886
25.9989933968
29.7554664612
24.7906126976
29.2944784164
25.7220673561
28.9983921051
25.7680296898
29.6788377762
25.020731926
29.1239995956
25.4492096901
29.2114543915
25.5667347908
29.324839592
25.4419865608
