7393378.4267
875408.784058
875332.178711
871338.919617
860752.243195
857278.678558
855205.664673
852500.317902
849161.555542
845645.01886
842238.566193
838956.543488
835706.877686
832553.239044
829710.539856
827226.340302
825049.154297
823119.770355
821383.352295
819801.77655
818349.531921
817006.210632
815755.191467
814583.398651
813481.309204
812442.259308
811461.048462
810532.805206
809652.6716
808815.87674
808018.063507
807255.880005
806527.312286
805831.087311
805165.842072
804529.952271
803921.657898
803339.228363
802781.026459
802245.518127
801731.284363
801236.997192
800761.363251
800303.136719
799861.09671
799434.137878
799021.449005
798622.643677
798237.669281
797866.560913
797509.150299
797165.039185
796833.616882
796514.125183
796205.727844
795907.611938
795619.030579
795339.373657
795068.169952
794805.08548
794549.877686
794302.376862
794062.482574
793830.206848
793605.643402
793388.860901
793179.789276
792978.209198
792783.795349
792596.175659
792414.979767
792239.833618
792070.405731
791906.405701
791747.585938
791593.706207
791444.528198
791299.810608
791159.306427
791022.831329
790890.254761
790761.578766
790636.9646
790516.263336
790398.668365
790283.86087
790171.345398
790061.442352
789955.221954
789851.538483
789749.800385
789651.432587
789555.424866
789461.3284
789368.995972
789278.360138
789189.357269
789101.904449
789015.930481
788931.371735
788848.148315
788766.184113
788685.410889
788605.739166
788527.093628
788449.387695
788372.529694
788296.437836
788221.015686
788146.182526
788071.866608
787998.039856
787924.911285
787852.945526
787782.128845
787712.248138
787641.991821
787562.775879
787491.251953
787420.611877
787349.326508
787277.575226
787205.204865
787132.340973
787058.484772
786983.526733
786908.635376
786832.314789
786754.254303
786674.376984
786592.799927
786509.791809
786425.420654
786338.629303
786251.127472
786165.450928
786077.623871
785984.951874
785892.562683
785790.162933
785691.51062
785583.35495
785479.437439
785361.951599
785235.411896
785091.490631
784923.190491
784726.736053
784478.538727
784126.196136
783565.2276
782460.011566
779213.355255
764478.432159
693465.492477
586920.917419
531662.702347
489773.795624
424297.909058
292455.692833
202264.887009
164163.650608
139599.183582
122375.875584
110068.665585
100962.194645
94511.7807999
89451.0382271
85467.4469585
81954.6725368
78832.5981655
75906.8545303
73094.8177242
70421.8666039
67792.6482086
65092.9831314
62508.9558926
59974.9852753
57640.8702269
55522.2322102
53317.6750879
51446.7542191
49419.7931194
47677.5057583
46051.6298237
44237.2081614
42696.6287327
41091.9140911
39483.4624252
37782.3753986
36275.4208984
34856.1084399
33412.0036769
31987.2209401
30760.644392
29598.3582816
28504.7954636
27532.450942
26611.6229844
25920.4763756
25180.3536096
24558.6929703
23990.9329529
23460.8985987
22924.4307718
22514.3130794
22075.8740382
21674.8211842
21310.0073233
20945.7372065
20592.4194045
20265.4440084
19899.4711237
19672.7859859
19371.5905252
19064.1274872
18792.5592532
18555.9579811
18316.887115
18087.7139702
17847.247139
17640.3725736
17422.1206894
17235.9479804
17035.6008341
16820.8406091
16650.2701354
16460.3818977
16271.9294
16126.4525714
15894.8728602
15772.4635761
15620.6284676
15394.871747
15337.1015933
15214.574342
15061.6971135
14914.5377698
14791.6230481
14686.6837783
14542.5325973
14432.7838125
14300.9327378
14188.6684546
14038.418956
13983.9800417
13857.8001323
13755.0131037
13643.6377642
13585.6314914
13465.5952036
13348.5586133
13290.5051584
13199.2342031
13125.1974263
13028.9283533
12940.1477509
12848.0758595
12758.0110285
12685.7371929
12620.6236632
12531.9838593
12455.043797
12377.8234565
12317.5677967
12248.0576384
12178.498075
12103.3631532
12023.5566554
12022.1430933
11926.3282557
11872.8115025
11826.3319607
11788.2194328
11727.7640352
11673.3350065
11606.0064168
11564.104579
11498.1994812
11429.9942954
11408.2552669
11339.8592138
11310.3105655
11272.4339237
11193.9912391
11176.9577994
11122.7257013
11094.43275
11062.4521284
11009.0143354
10980.3363233
10898.3422604
10877.7408388
10834.5862644
10785.5312138
10764.8990114
10706.9356959
10696.6167946
10662.1197681
10617.9215124
10578.0718205
10543.5029137
10533.7288463
10496.5517995
10437.0296326
10388.5255919
10365.1653037
10318.9561114
10294.1887567
10265.6659184
10201.5515859
10194.2078161
10188.9789875
10145.5519259
10114.7250314
10082.1349306
10044.4907181
10012.3902633
10000.2412243
9957.78908587
9929.76091623
9890.14194989
9861.75709879
9840.72021151
9814.29113579
9789.62986016
9757.81168294
9726.19148278
9689.44986963
9669.91463351
9639.30798864
9611.9724946
9582.16462851
9552.00021696
9531.46889281
9488.5709554
9476.40560782
9411.32040405
9406.65013409
9397.42216504
9368.51096725
9340.7780962
9321.75366592
9287.16723466
9273.65645111
9247.69240689
9227.16464877
9206.03382301
9170.93869829
9121.75214481
9101.74737489
9056.82632709
9068.50125945
9009.21366501
9010.40796602
8953.27963197
8931.22371376
8939.39212096
8893.02556527
8858.71754301
8879.96222556
8829.63617468
8754.96330488
8769.57972324
8782.46965384
8741.87274039
8724.315961
8687.21762049
8690.27942729
8692.15122807
8653.36243939
8657.38698792
8583.29561114
8580.925349
8583.28956509
8536.63787246
8502.41390634
8510.61315608
8500.6140399
8469.94883084
8447.69886637
8459.2047857
8397.83096898
8374.20872116
8355.96206605
8325.83443427
8361.51917255
8327.42655325
8309.05556107
8299.12295103
8278.68368685
8259.09924388
8239.47468972
8228.29650235
8218.58969295
8203.30519974
8180.26364982
8165.47677779
8149.75364077
8133.65228474
8115.09799004
8099.37096584
8083.75512922
8068.22821045
8053.07543004
8041.75885928
8026.72184193
8011.45377374
7996.08156967
7980.14989579
7963.52765071
7946.55715406
7930.41793025
7918.40652192
7904.68699265
7889.83582485
7875.06318498
7860.49950957
7846.27382779
7827.81899452
7816.99018431
7803.13052142
7785.75436413
7770.58662426
7756.69233024
7750.11152828
7729.77592826
7725.58644712
7705.10382044
7686.72749686
7666.7351079
7644.55627227
7601.68675458
7619.67702758
7578.97208548
7581.30750787
7566.76792097
7566.19671059
7550.86729181
7536.28749275
7503.63256598
7507.00601935
7478.80474806
7490.62914181
7462.84855068
7428.06494105
7478.93156791
7431.31484103
7420.60178113
7400.64888132
7376.57311392
7374.34097338
7366.49670076
7368.67318994
7347.75404513
7339.42069352
7328.09773743
7320.13044786
7307.89299667
7292.482921
7295.95841646
7285.67642581
7273.58283317
7260.30079329
7254.67379868
7239.39302057
7235.0414359
7214.7573384
7214.06784642
7203.29298925
7217.917135
7172.32582605
7204.38317478
7159.02561927
7151.01260078
7141.86868358
7154.72887182
7143.30125868
7121.50465107
7139.08324111
7104.88572419
7075.14121777
7113.76982951
7086.19186831
7078.94506979
7065.46617866
7041.98328602
7062.89833295
7045.59937596
7040.80678046
7036.67357397
7001.08138514
7020.14561433
7017.77988631
6991.33338404
6986.22587347
7011.10065675
6996.61369061
6980.01271904
6967.14655292
6962.7519145
6963.50055552
6946.05985171
6944.0898236
6938.01392066
6930.49554682
6927.08930957
6920.25179929
6908.36019182
6884.38244236
6926.55605638
6879.21456254
6889.67774183
6892.99143291
6850.71358323
6886.51070505
6880.86326724
6848.20704818
6852.4584862
6815.49393511
6871.19209546
6842.24270356
6823.05476719
6819.99845606
6791.90157706
6826.33048081
6818.65168214
6805.53832418
6798.85366875
6812.09478331
6786.56903899
6811.83006305
6765.78599811
6768.24814343
6761.0986855
6755.56853616
6750.37427658
6745.11592764
6740.31458604
6735.63962936
6730.9401468
6724.16386032
6719.37481195
6709.2538538
6734.05640227
6721.36918968
6703.1179595
6722.3671996
6696.9511019
6681.13732684
6679.45806044
6683.88394254
6683.67828894
6681.15088409
6678.71676326
6671.23947978
6667.96000808
6664.92078513
6638.79044372
6649.2008813
6637.95172095
6613.96442455
6634.33725524
6629.86571014
6627.55032825
6625.51976079
6618.73729014
6603.27741766
6575.65462929
6593.46576422
6600.7584095
6585.79369241
6570.99731225
6565.93302846
6573.50355464
6559.65387064
6555.64922875
6539.02988625
6535.27491611
6549.44639838
6549.05918378
6518.67375189
6509.19378388
6523.96545148
6514.68989831
6544.06762695
6520.71493411
6528.32662505
6530.9379046
6532.64226955
6507.78395587
6509.2676717
6483.21713448
6510.34709406
6510.87921864
6501.17140245
6465.05763173
6461.71736586
6503.84963948
6471.92834413
6467.36639017
6488.90573174
6463.22223967
6439.80044997
6481.05884773
6424.00286287
6466.13995141
6410.4971323
6428.8762325
6437.88564324
6426.03745067
6444.86604971
6452.72741795
6426.03265601
6399.38022918
6413.47167629
6372.43507797
6416.49688053
6418.43240982
6403.7319411
6379.35296571
6406.50473493
6398.36223263
6361.88068491
6408.72001624
6355.00120908
6395.18391246
6384.20930487
6339.97184682
6367.59526968
6309.40465456
6378.12408257
6344.51538599
6358.7129876
6342.51563293
6330.46313661
6320.66016865
6303.18306124
6312.40273517
6325.61280262
6312.25469095
6320.29983932
6296.61428195
6338.74304098
6308.27840739
6309.67477608
6293.45226377
6271.08334392
6297.95240325
6293.4261117
6291.28794277
6288.34405279
6269.28521764
6252.53807676
6276.58655214
6274.33934975
6225.74143368
6289.793993
6239.04061669
6247.22100347
6245.70692813
6247.62966818
6243.884305
6244.65155923
6231.14231271
6212.10572785
6219.52901828
6195.55880541
6195.29757601
6209.35331655
6214.53861529
6192.03727275
6179.90764737
6152.07113469
6192.81831551
6173.74511665
6182.39022344
6181.30550557
6176.54505134
6163.75727957
6160.14493763
6156.51310909
6157.08940423
6155.93216377
6143.86980426
6135.72759551
6102.79296279
6124.22533315
6116.66218501
6116.56273043
6112.50499845
6117.22019589
6104.50400931
6106.79594356
6088.24519438
6103.37545228
6092.72560799
6095.21947676
6064.4098748
6072.04231858
6073.69885153
6053.56097561
6055.33499825
6056.86156708
6050.52948231
6052.63953882
6035.97542655
6037.47769004
6023.27883351
6019.48681885
6015.98451787
6004.08792973
6021.84859675
6006.82931715
6025.32911187
6016.83973509
6012.04882985
5984.20784271
5997.51658696
5990.07018203
6001.68581247
5988.01354724
5980.88943857
5985.28300869
5982.03894216
5978.09419769
5970.58350408
5941.76403773
5964.5705691
5946.02952206
5956.84904629
5951.53590089
5947.69124013
5941.69657964
5930.16674572
5932.24041873
5931.76428127
5923.05452991
5910.90540785
5916.24344486
5908.69972545
5896.67858547
5907.81926322
5899.46342552
5896.91782171
5897.37072742
5895.78531414
5893.79933929
5886.582982
5888.51639777
5882.33974004
5880.93383074
5878.23934704
5875.64327544
5872.98458719
5869.38402534
5863.15683967
5861.29719692
5857.87467623
5854.84619057
5851.64995116
5848.30374008
5845.04258329
5841.50442219
5834.86195648
5822.6346356
5820.71557122
5801.64789808
5810.80727226
5811.12369549
5805.53482354
5812.54256135
5792.45894849
5804.66725367
5791.25322783
5793.08665133
5784.41524625
5783.81468999
5780.98033899
5787.1443547
5770.53780067
5768.16957909
5766.91449392
5752.40208673
5761.72881663
5753.32697785
5754.05515307
5751.06961262
5744.16900092
5746.25194061
5743.34076464
5735.48905742
5736.23141539
5733.61331713
5730.71165389
5728.77736253
5745.80830932
5726.5118205
5717.98485011
5704.96328956
5713.34142411
5708.56748939
5735.20343828
5716.49508673
5699.13206577
5689.7229057
5688.05715823
5704.24166024
5716.85710305
5693.01610142
5686.14310938
5702.87410551
5686.73574364
5682.781156
5702.1473127
5698.68384022
5667.47845387
5669.63117903
5671.77921808
5684.81130034
5664.35681832
5654.88644671
5684.01605982
5661.95080161
5675.28756726
5668.28515261
5674.69118446
5668.01474082
5668.42491877
5660.67748851
5666.43147701
5638.95721531
5637.49012947
5658.34314615
5644.80236816
5643.40921551
5628.96982038
5620.37528861
5633.56597298
5645.81527048
5637.94894588
5635.76971698
5633.52571297
5628.39056236
5625.90161777
5625.33789688
5621.26198959
5622.16882199
5613.91574097
5612.43842864
5613.75256115
5608.15973538
5606.9595198
5605.8094914
5603.09636813
5599.250413
5596.37718129
5594.81058979
5583.84593415
5594.79671705
5587.96914405
5585.80968928
5583.83415169
5580.92188245
5577.23641211
5574.39949596
5573.7461828
5571.77412599
5568.79050225
5567.8997547
5565.05428779
5562.41265118
5560.35883111
5558.31256598
5556.89644098
5554.83792466
5550.02596956
5551.14780557
5538.3540771
5545.14698863
5541.98038971
5539.83354896
5537.71986955
5535.5600549
5535.21448851
5530.69343483
5525.28971338
5528.33749729
5524.70367485
5524.15484196
5518.86022031
5516.64465791
5514.97191983
5515.19662613
5512.24952263
5509.99088132
5510.03208613
5506.05887902
5504.65990877
5502.84005034
5500.82647109
5498.9049685
5496.87154996
5494.82809162
5492.78135991
5490.71208411
5488.64925051
5486.5569247
5484.45935851
5482.35330209
5480.27315181
5478.26482111
5476.35849208
5474.6360608
5472.95997977
5470.8012118
5468.57625774
5466.12381256
5463.07406834
5461.11463231
5456.09345996
5432.92735642
5449.67323184
5448.99488181
5423.51901519
5442.90074527
5439.71001726
5423.54652381
5441.77237725
5432.98294759
5414.0453459
5401.17290497
5425.33111644
5399.61522192
5402.55354244
5425.89374346
5396.06884253
5421.53490311
5417.29824704
5413.40430528
5394.95418918
5410.85018939
5387.28462362
5411.39382315
5377.59753311
5402.14825368
5377.58479822
5403.32964975
5372.99147207
5394.70646262
5366.29380608
5372.7952714
5388.05917788
5357.29741597
5361.7798115
5392.54773951
5357.76988173
5385.57467675
5351.4920963
5381.68525368
5342.97070134
5373.31983924
5343.33167446
5368.75045383
5340.74516475
5364.50650632
5338.56909484
5359.89389431
5335.82736886
5358.82272071
5353.39776587
5349.39702627
5350.66861588
5323.44261754
5352.92702127
5324.94379157
5350.69458973
5322.08811879
5346.6631428
5319.4151423
5343.03721094
5317.3872208
5338.5490219
5327.6546486
5326.832288
5309.92753869
5331.3589977
5304.54410964
5327.94880813
5303.16832477
5325.24635464
5293.86071724
5322.78465104
5290.31071812
5318.49688369
5279.23708057
5315.38168979
5265.58973485
5311.85996723
5299.77382901
5300.05854321
5302.540562
5299.78863996
5296.89091283
5298.38250998
5295.04544306
5293.68859214
5291.86888981
5290.30696669
5288.72653437
5287.17816103
5285.61668175
5284.08384007
5282.56128097
5281.15635556
5279.79490387
5278.60499471
5277.63907731
5276.74283314
5276.07262218
5275.29663152
5273.65572208
5269.28513616
5270.57084662
5266.64276457
5265.00574201
5263.67225671
5262.28524113
5260.87192649
5259.4340235
5258.02866292
5256.63749504
5255.28485021
5253.96380708
5252.61691368
5251.26755062
5249.92462078
5248.57821003
5247.23265502
5245.88704482
5244.54008761
5243.18577638
5241.84951234
5240.52558261
5239.2015636
5237.9039655
5236.62443876
5235.39829209
5234.18658108
5232.94252461
5231.77368075
5230.61963522
5229.4898563
5228.33588132
5227.1622557
5225.8880654
5224.69721481
5223.24429521
5190.98004544
5212.39942485
5218.91240838
5215.23656595
5184.67323792
5203.13692522
5207.69641939
5208.1826323
5183.91447955
5200.39043123
5172.93920392
5205.13315368
5172.88027966
5193.71908593
5173.30114558
5191.16302407
5191.92106208
5175.02969173
5188.42602718
5188.14355183
5168.35134342
5179.91362882
5169.48367158
5176.22007692
5162.26598245
5179.33313119
5163.79833555
5173.99967444
5159.55162695
5170.9455201
5156.96388939
5168.35532463
5154.06110674
5165.73386461
5150.61529908
5162.40790945
5145.37134618
5161.32325113
5146.3600373
5157.85133499
5145.25016925
5153.70659733
5150.0296534
5141.65592793
5154.24564761
5132.52158695
5152.93140692
5143.67667511
5125.39483246
5147.9507125
5141.13740954
5141.02861875
5141.5113824
5148.45119843
5115.68931362
5140.9662497
5135.10737032
5133.89179891
5120.76011154
5141.75111711
5141.96141022
5140.85518897
5139.12834367
5111.06485367
5127.20980561
5130.48808205
5127.19087529
5126.6956287
5127.56664619
5123.69751978
5126.18260103
5120.55629677
5123.8274675
5119.30303636
5101.83724421
5109.94496262
5114.94791386
5116.56265888
5116.51121482
5116.00687966
5115.21393874
5114.2146821
5113.1930595
5112.1215592
5111.02226514
5109.89227226
5107.92050073
5083.54875946
5094.3409034
5101.39341322
5099.75810853
5078.0006313
5090.00583294
5096.48829302
5071.09367925
5086.64038631
5092.2171331
5069.40493065
5083.01698723
5088.94468832
5061.82116744
5079.45319021
5085.07913178
5081.4579635
5084.70452255
5053.94943285
5073.24191576
5081.65718579
5056.15422702
5070.0850924
5078.16865763
5050.09667715
5066.15187213
5074.99300274
5048.08778763
5063.23598614
5040.46314919
5061.2533164
5047.54626825
5059.16944456
5046.05948269
5057.16774994
5044.91909036
5055.09608752
5042.54011679
5053.08628887
5039.7044602
5050.99001035
5036.48933738
5049.01479322
5036.89592779
5043.46209723
5036.16512561
5039.1983757
5028.4187828
5036.93993086
5025.09750974
5038.04620516
5026.67216605
5028.22889185
5034.12936938
5035.51691732
5025.88426024
5032.92342314
5032.61226422
5022.55515036
5023.73041314
5013.63750201
5031.54314139
5018.81535956
5021.5994736
5012.35387188
5024.31044984
5014.17996988
5016.44040811
5007.7283867
5025.93608674
5016.51679826
5006.99082446
5012.81196189
5007.72142926
5007.19250318
5011.51641485
5010.52527985
4991.32187799
5010.27411929
5008.42381144
5007.83008656
5007.70723543
5007.80428943
5007.30709562
5006.56370416
5005.64472979
5004.71882102
5003.71479687
5002.71641034
5001.70623675
5000.6870386
4999.66869491
4998.70181462
4997.82509634
4997.19880056
4996.51853544
4996.6277625
4995.33190933
4994.36178139
4993.43731782
4992.50950977
4991.49631053
4990.37570795
4989.12400392
4987.92440325
4986.56679645
4985.66029367
4984.57774118
4982.77595374
4982.03923976
4980.92154217
4979.69004121
4978.41862723
4977.15994778
4975.75356507
4972.41598022
4956.49837542
4976.56039515
4961.7718721
4952.58391255
4972.81364521
4960.1102531
4949.49993956
4969.3141588
4957.79116327
4960.88059849
4945.61918616
4964.82944539
4953.23276433
4954.48103675
4955.33208764
4954.27844253
4953.14727661
4949.14845935
4931.97306764
4956.74111298
4933.43605614
4954.90231696
4950.07862705
4944.71912265
4942.40889144
4941.56377006
4941.20557088
4915.90655422
4946.13693571
4934.95756698
4938.68098485
4935.7369836
4910.50329515
4942.01505938
4930.15569437
4929.20648149
4934.53453681
4900.16410673
4934.13075882
4925.72836772
4929.39686203
4925.43375823
4923.49186817
4922.51305008
4921.41576612
4920.78485149
4920.82161456
4919.35832354
4919.0857386
4915.57635659
4899.45886552
4928.54816779
4914.85330546
4915.33920157
4901.30107087
4904.91629779
4912.60836917
4910.72457033
4908.4156636
4906.99955845
4914.14547426
4906.00692269
4904.71160123
4905.26875511
4904.00238907
4901.14918444
4899.93882403
4875.02774081
4905.47114524
4897.23310617
4889.95324755
4895.23442781
4893.89065909
4892.31701303
4892.57552218
4890.59633589
4887.65892154
4891.13636869
4891.17247558
4887.82681257
4876.24885795
4884.27084494
4895.75277489
4878.44598433
4881.48904988
4880.81723422
4878.7831316
4872.34321305
4875.3771255
4873.0341869
4877.49526691
4889.7994065
4872.0172061
4872.19152918
4871.32185814
4870.54990983
4868.51446211
4863.0707441
4875.30364859
4860.20464835
4862.53842101
4861.0930292
4860.77754691
4861.61830395
4861.44303852
4854.21755576
4848.57473207
4859.06755048
4858.99409008
4843.67027795
4864.15125751
4852.57592258
4851.62552503
4851.66824588
4850.89011326
4851.08981517
4850.21845323
4849.8379426
4847.35415679
4852.7105988
4848.18635201
4848.55753994
4840.64541233
4857.56541497
4841.12778533
4839.2240003
4841.8920821
4840.97287405
4835.06740856
4839.29485559
4846.35903412
4836.43175358
4836.9635413
4834.1969766
4838.01684326
4833.53048319
4824.02688044
4845.39882344
4829.64416268
4836.17861342
4829.67125326
4829.9502452
4820.31804717
4838.76638779
4811.78281152
4836.98319262
4825.35644954
4822.5320816
4829.89464641
4821.07638901
4825.90133679
4831.23288503
4816.60828096
4819.56431431
4823.6109091
4819.30029225
4823.19234598
4809.02049866
4802.4998998
4824.99140501
4810.0149585
4819.40569907
4811.60164824
4809.97698528
4798.43430617
4807.28756565
4809.25415432
4807.61074108
4806.03686076
4804.72179931
4803.9196654
4802.67992961
4803.0731622
4802.13147664
4801.21690822
4800.3356083
4799.48259813
4798.67665893
4796.64643115
4795.78879791
4794.88753045
4794.12481207
4793.45706969
4794.56086969
4793.02681077
4792.23938107
4791.41799331
4790.95290488
4790.20352072
4789.27307022
4788.37396461
4787.52622008
4786.69854045
4785.88906914
4785.09068334
4784.32226431
4783.55703783
4782.78823924
4782.05802256
4781.30717289
4780.56732494
4779.83303845
4779.09346694
4778.37849379
4777.71651059
4777.09913421
4776.65575075
4776.18694246
4775.59293997
4774.93475407
4774.28641796
4773.63542736
4772.99384278
4772.32729143
4771.70500892
4770.99852633
4770.40868855
4770.0714497
4766.77424854
4768.08602613
4767.57020539
4766.8948856
4766.21882343
4765.5249511
4764.84148771
4764.27391869
4764.77874416
4763.58512533
4759.72996294
4758.50807542
4756.43200213
4759.94553879
4741.47946137
4753.20365745
4747.92123413
4751.71264273
4751.9025569
4751.74165678
4750.83708262
4749.40253496
4748.63934493
4747.67270213
4746.5922218
4746.03593367
4746.01141196
4745.45003223
4744.72414863
4743.36317939
4742.96841317
4743.19740742
4742.50344795
4742.38953906
4741.24676043
4740.61669654
4739.44662935
4739.51661116
4737.45459759
4737.52973968
4734.67004418
4734.03383905
4731.35032195
4732.66296387
4730.86916852
4730.79178381
4727.89917117
4730.38898844
4729.13942808
4726.20562029
4725.10249358
4725.74468207
4726.42387587
4725.35565799
4724.57059848
4723.55185908
4722.01935846
4720.35144132
4721.1705575
4719.96357739
4719.33817828
4718.41954631
4714.81032097
4717.15573132
4713.17685658
4715.22058403
4714.07155532
4714.32185209
4714.19333082
4713.36145192
4712.54270637
4712.05324322
4710.17042977
4709.74202776
4709.08822596
4709.14548808
4708.58719063
4707.86394835
4706.82884574
4705.16032153
4703.03858602
4704.1713807
4703.29572678
4703.09064209
4701.47032279
4701.73228663
4700.94269699
4699.92740571
4698.6942755
4698.28887171
4697.12330401
4695.81084144
4694.06477571
4696.34965968
4695.43158776
4693.5879842
4693.33028716
4692.76417828
4692.11221433
4691.43644351
4690.77002096
4690.09261912
4689.42633009
4688.76631194
4688.1052748
4687.44974452
4686.78699219
4686.13398618
4685.46821505
4684.80927771
4684.14913005
4683.47804326
4682.81413102
4682.1374774
4681.46279514
4680.77732623
4680.11265337
4679.40733159
4678.74294066
4678.04580766
4677.37262446
4676.68620366
4676.02061146
4675.34053421
4674.66442907
4673.97985721
4673.33970523
4672.65596348
4672.02999735
4671.35757995
4670.69442493
4670.02127117
4669.34239274
4668.67282027
4668.00028592
4667.30281234
4666.6382702
4665.93043411
4665.26844567
4664.5572468
4663.85455894
4663.15167892
4662.43390459
4661.72517675
4661.00705934
4660.28420925
4659.5489589
4658.8133738
4658.08080572
4657.34851706
4656.60521561
4655.8590911
4655.10602653
4654.3559764
4653.59580117
4652.83316922
4652.05857241
4651.26491582
4650.42047733
4649.52353996
4648.17581958
4646.5970366
4647.02703959
4645.84673792
4644.84988087
4643.50460196
4644.25845617
4643.46740234
4642.85819995
4640.91671276
4642.89787728
4639.99942702
4640.15594488
4638.9685536
4637.88751334
4637.17298257
4636.32824022
4635.50843805
4634.67575455
4634.03847122
4633.3528806
4632.73195392
4632.12907952
4632.10498405
4627.26914769
4629.0096913
4628.97054952
4628.81623739
4626.02270579
4627.66215998
4626.36795098
4624.91401774
4624.87586576
4620.30355209
4622.12399644
4623.84208876
4623.42230171
4621.44905818
4622.50304341
4620.50834394
4620.62285578
4620.04812783
4618.65077376
4619.06948024
4616.600079
4616.78359818
4615.95083022
4614.95487756
4615.3737033
4613.99780124
4613.52147758
4612.88675261
4612.23726273
4611.63557804
4611.00900853
4610.38297498
4609.71920252
4609.0869363
4608.40117836
4607.75073284
4607.06638521
4606.36512655
4605.66820896
4604.72539186
4601.97584552
4603.12358636
4599.73313606
4601.28969562
4598.5747906
4599.15196282
4598.31157041
4598.22076666
4596.55644238
4596.23991776
4595.09456182
4594.47770226
4594.30848551
4593.2367236
4592.47520578
4590.72453421
4590.25679725
4590.21584731
4589.79063153
4589.12636673
4588.44606364
4587.73579937
4586.98710185
4586.21260899
4585.41944021
4584.6225
4583.83049709
4583.04622024
4582.26548612
4581.47706187
4580.70814353
4580.03097558
4578.41693616
4576.40104872
4575.0920195
4575.96284771
4575.44430208
4575.13602114
4574.68462789
4574.99302667
4574.27445877
4573.64557964
4573.00280708
4572.34996867
4571.68472624
4571.01223814
4570.33154833
4569.65403861
4568.97328609
4568.28494251
4567.60476154
4566.92126751
4566.2328397
4565.55361545
4564.89357519
4564.25922716
4562.11419219
4562.26365393
4563.10194999
4560.89796424
4562.03932536
4559.94508475
4557.40102011
4559.69321173
4557.61965185
4558.85957068
4555.06752878
4557.76243269
4553.80100822
4556.57162941
4552.5920037
4555.29484725
4554.17832887
4550.51130325
4553.42451394
4552.38355273
4548.54175949
4551.51567417
4550.73951805
4549.90011698
4549.11106735
4548.36485595
4547.60437584
4546.82572424
4546.23830765
4545.58991855
4544.98722613
4544.32081306
4543.8375299
4543.14283711
4542.62935412
4542.13017714
4541.62130004
4541.0586291
4540.34799206
4539.64037913
4539.01202667
4538.27928513
4537.87779057
4536.21085835
4537.58649701
4536.74655783
4535.96421999
4535.13486296
4534.28752637
4533.86815417
4532.16805089
4533.6047976
4532.77841717
4531.90178263
4523.66244352
4525.5847463
4529.86848152
4507.94150114
4514.67497098
4514.55828875
4515.5498482
4515.10250646
4514.48327416
4513.8771863
4513.44976437
4512.97794104
4511.27000365
4509.46038616
4508.73220563
4507.96573204
4507.14381474
4506.87625778
4506.08492327
4505.22764969
4503.69383103
4502.27266109
4503.3866998
4503.47245258
4497.62912795
4498.33271223
4499.02677029
4498.40076312
4497.72454217
4496.42750645
4498.36523432
4497.54556555
4496.69127715
4495.87861896
4495.24028474
4494.67124146
4494.19410485
4493.63446456
4492.45910853
4491.19940197
4492.50008774
4488.86736116
4492.40990019
4492.8990947
4493.00458002
4492.87194306
4492.60279077
4492.30523914
4491.97821486
4491.63482374
4491.26934236
4490.89324176
4490.51237434
4490.12659156
4489.73705333
4489.34253395
4488.9472037
4488.5474003
4488.13960761
4487.73863858
4487.32514495
4486.90870243
4486.48851079
4486.05848211
4485.63376135
4485.20346373
4484.76553655
4484.32280672
4483.86651844
4483.40144318
4482.920192
4482.41817284
4481.88501102
4481.31589389
4480.73838216
4480.1681996
4479.58201396
4479.06845897
4478.53025931
4477.4998759
4477.20187449
4470.48138386
4481.47758812
4475.64146614
4475.49079466
4467.69957548
4481.75197142
4473.3709982
4466.61952114
4473.01596248
4478.313214
4471.62284225
4464.66726202
4473.79851073
4473.81481981
4469.43065315
4466.03243548
4465.55592227
4463.84407935
4465.7749784
4465.60515499
4465.49398494
4465.3161245
4465.2606945
4464.7315529
4466.9056347
4465.18627304
4464.10368174
4461.68719524
4461.345743
4460.75086683
4460.32693899
4459.9850058
4460.02017146
4458.6963222
4460.89318579
4461.46549129
4456.65623754
4460.53960317
4457.3208499
4459.08245486
4457.46504617
4457.00648826
4456.5655911
4456.02621824
4455.59027487
4454.97852254
4447.36589527
4462.79476482
4453.44341242
4452.95466721
4452.43222177
4451.83158022
4451.22693259
4450.67524844
4450.12747204
4449.55380589
4447.00197256
4445.63193274
4445.45454282
4446.59839135
4444.38402152
4445.39770532
4443.9137128
4442.11380839
4438.25061077
4438.05563277
4439.99405742
4438.80200154
4438.18848926
4437.72063404
4436.9962526
4436.09947538
4436.12247914
4435.25880599
4431.37233925
4436.05692446
4429.58778989
4433.45831245
4432.17372692
4431.7307272
4431.41940844
4422.52537948
4435.00660288
4432.35554218
4429.17980552
4428.93180543
4426.59769285
4416.84953725
4424.29797339
4428.86009222
4427.46902525
4422.17518222
4425.00568831
4424.00080681
4424.29823297
4423.82044846
4421.59816676
4421.00519991
4420.39056277
4419.79610687
4420.72717047
4419.35432643
4418.13665771
4414.39641804
4418.21216494
4414.47134215
4417.78779823
4415.53244692
4415.01135856
4414.26008475
4413.31360793
4410.47513795
4413.80787444
4411.14019454
4413.79638934
4408.26433885
4415.13553494
4411.83477217
4411.2510016
4410.65779746
4410.05320871
4409.44492954
4408.85426563
4408.34826684
4408.33887732
4408.15391666
4407.50325835
4406.8996684
4406.28002602
4405.64398664
4404.97006041
4404.26216114
4403.50051379
4402.68759489
4401.83756733
4400.76429892
4399.42183119
4400.49321622
4398.74756271
4398.86881596
4396.56787914
4397.53533524
4395.52022189
4395.4255172
4393.82362258
4394.91063875
4393.230331
4392.36047494
4391.64233166
4391.03613555
4390.49240786
4389.99405676
4389.54882091
4389.15696049
4388.79670119
4388.44638902
4388.09329426
4387.73619545
4387.35801363
4386.96477997
4386.57445872
4386.11177355
4385.55962467
4384.77129924
4387.46964914
4384.71544522
4383.82545483
4383.31079334
4382.83136678
4382.42224866
4381.96787757
4381.46574587
4380.93842006
4380.4024061
4379.8669166
4379.33076721
4378.78752875
4378.25476503
4377.7158308
4377.17946762
4376.65360063
4376.11781311
4375.59300011
4375.07837379
4374.56554514
4374.04529399
4373.54362386
4373.02477968
4372.51657015
4371.99233812
4371.46476847
4370.93030375
4370.38539737
4369.89088774
4368.66935027
4369.79485714
4369.75737303
4368.56728148
4364.78830177
4365.26686215
4366.36198896
4365.93028086
4365.7395249
4365.56504405
4365.23663002
4362.17268002
4363.5652315
4361.2242952
4362.75709128
4360.69527
4361.83450872
4359.89561194
4360.82183546
4359.19212502
4358.00424635
4358.60816926
4358.82152134
4358.18628275
4358.08442628
4357.12039596
4356.27056408
4355.53914773
4354.88320905
4354.17860121
4353.17272526
4352.3430075
4352.23351443
4352.69751531
4352.74100065
4350.19214034
4349.45801908
4349.1004656
4348.51722598
4348.24979365
4350.32474172
4346.52947265
4345.47318667
4346.98275757
4350.52339602
4345.41747335
4346.20955774
4345.44637084
4345.24843073
4344.82225943
4343.38409752
4344.97659367
4344.98200601
4344.99824017
4343.66017377
4343.63529176
4340.20086706
4343.34496677
4336.77217066
4342.41052145
4341.33869326
4340.83584976
4340.45979095
4340.04136032
4339.70285189
4339.41805625
4339.09821171
4338.70540029
4338.2497372
4337.80409414
4337.36728978
4336.95922905
4336.5641036
4336.17156726
4335.76741636
4335.35933405
4334.93412048
4334.49806839
4334.04760885
4333.57845157
4333.09777451
4332.6106829
4332.14049381
4331.70453691
4331.50065804
4331.48520988
4331.3568489
4330.86365014
4330.24744314
4329.57783973
4328.82289577
4328.05768675
4327.3957243
4326.80016506
4326.29840541
4323.41540384
4323.90632099
4323.68051916
4323.37014961
4322.99794364
4322.60708648
4322.19995576
4321.77291095
4321.3354302
4320.904522
4320.48692691
4320.12407041
4319.83998317
4319.62210912
4319.42703199
4319.26076728
4319.12858909
4319.03908581
4317.67191112
4317.17813563
4317.30603945
4316.9237504
4316.23227119
4315.40175229
4314.58124614
4314.17612445
4313.84275299
4313.65074962
4313.09124357
4312.67414308
4312.15154523
4311.65409893
4311.14734626
4310.65229416
4310.16148275
4309.66836983
4309.18226957
4308.71171498
4308.23120385
4307.76923108
4307.27253741
4306.77925932
4306.25840479
4305.73303568
4305.18809992
4304.64191425
4304.09691715
4303.54979658
4302.99711955
4302.44491297
4301.89822048
4301.34545475
4300.80036968
4300.24888784
4299.70108157
4299.15569395
4298.60495383
4298.06453145
4297.51920718
4296.97518164
4296.43249673
4295.88959974
4295.35048479
4294.81551284
4294.27821779
4293.74010807
4293.21175152
4292.67618692
4292.14229107
4291.60895509
4291.07937336
4290.55329543
4290.01992953
4289.48943681
4288.96020675
4288.43613392
4287.9068327
4287.37834805
4286.85536796
4286.32956398
4285.80123949
4285.28113419
4284.75190675
4284.22702062
4283.70888442
4283.18283087
4282.65570784
4282.13852376
4281.61290181
4281.0905419
4280.56700194
4280.04975796
4279.52748269
4279.00502491
4278.486063
4277.96003455
4277.44159836
4276.9208461
4276.3959257
4275.88418597
4275.360223
4274.83794928
4274.31483173
4273.79585135
4273.27004039
4272.74734324
4272.22627813
4271.69992495
4271.17849535
4270.65202934
4270.12650257
4269.60655195
4269.07633597
4268.55322587
4268.026438
4267.49864382
4266.97339809
4266.44468802
4265.91245085
4265.38720906
4264.8564021
4264.32577914
4263.79310679
4263.26093554
4262.73034877
4262.19599694
4261.6595301
4261.12543881
4260.58729041
4260.04905766
4259.50524747
4258.96499568
4258.41571355
4257.86874586
4257.31760049
4256.7622844
4256.19601655
4255.62584621
4255.0545029
4254.46725261
4253.87127924
4253.26396853
4252.65775222
4252.03221995
4251.42536843
4250.82129627
4250.21506375
4249.62198687
4248.98185694
4248.22240895
4247.10819215
4243.95851588
4243.80685198
4243.07099515
4243.2730937
4229.10732841
4253.33347756
4241.08168864
4243.39299089
4242.21428615
4231.30568236
4245.63661206
4234.73119128
4240.57786894
4239.39732677
4239.24686939
4238.89822346
4238.52475584
4238.10039121
4237.60501158
4237.06472087
4236.45408195
4235.70187384
4234.94892156
4233.36259091
4232.29500991
4231.27386343
4230.26959231
4229.40363836
4228.78169528
4228.32725799
4227.94117904
4226.65389684
4226.07740912
4225.50853625
4224.94975889
4224.38589016
4223.80602297
4223.28985932
4222.67125687
4222.18933332
4221.54910451
4221.07321239
4220.49754912
4219.92460659
4219.11405486
4216.34444028
4218.53269351
4218.83407927
4218.59004325
4217.11393803
4215.74159616
4217.29316998
4214.42872304
4215.96266246
4214.46460593
4209.95925272
4214.69997758
4213.25970089
4212.22566926
4211.70978349
4211.22196245
4210.71136576
4210.25637376
4209.71338177
4209.33222985
4208.81500226
4208.3316319
4207.82601821
4207.31346387
4206.84828514
4206.26314878
4205.763004
4205.23126721
4204.68563974
4204.1235379
4203.63790035
4203.03516591
4202.54254568
4202.01761049
4201.45866966
4200.94235253
4200.3999173
4199.88904083
4199.35556114
4198.8312549
4198.31277537
4197.77499324
4197.2975871
4196.77375382
4196.25312304
4195.74575168
4195.23672885
4194.71959865
4194.22966546
4193.75702536
4193.24284232
4192.7975623
4192.31915355
4191.87912852
4191.46304107
4191.05124223
4190.68310124
4190.37297297
4190.07251114
4189.69178671
4189.28523964
4188.87237656
4188.42865449
4187.92935658
4187.25239128
4186.55675846
4184.68089634
4185.79260457
4184.98282558
4184.08594325
4183.78330237
4181.42864752
4182.68773443
4171.52547687
4180.0741452
4187.18385077
4163.21785444
4175.82280314
4181.15724337
4174.35181546
4175.18241543
4177.18464702
4174.58649558
4181.28988892
4177.43916076
4163.08838743
4177.40972972
4172.28312892
4183.94898432
4170.60605186
4156.49520069
4177.72593695
4165.60583949
4165.0131743
4164.34918952
4163.71292514
4162.87019205
4162.2469784
4161.6750406
4161.03850746
4160.34435242
4159.66825557
4158.98508281
4158.31521374
4157.61900401
4156.9157998
4156.21187961
4155.48372191
4154.76100379
4154.01299849
4153.29673988
4152.59286258
4151.91027716
4151.24350739
4150.58892983
4149.945454
4149.31278062
4148.67776534
4148.05274898
4147.42492831
4146.81197244
4146.18963733
4145.57660285
4144.95967928
4144.34488481
4143.73958638
4143.12628123
4142.51189747
4141.90940511
4141.3082307
4140.70954043
4140.10942814
4139.50592962
4138.91079235
4138.31611905
4137.7227371
4137.12668392
4136.5409537
4135.94534925
4135.35856104
4134.770612
4134.18705478
4133.60633284
4133.02633822
4132.44427836
4131.86112165
4131.28655875
4130.7073769
4130.13401669
4129.55017689
4128.97210255
4128.39609671
4127.82259941
4127.24825516
4126.67439488
4126.10170195
4125.52566758
4124.95495412
4124.38660243
4123.81907302
4123.24715114
4122.68496123
4122.12377337
4121.56306738
4121.00204462
4120.44301426
4119.88997132
4119.33020031
4118.77076989
4118.21874461
4117.66888213
4117.11338741
4116.56791168
4116.01113984
4115.44715595
4114.92912436
4114.37683234
4113.80800292
4113.28158498
4112.74730459
4112.19501466
4111.66191408
4111.1336574
4110.58924425
4110.06284022
4109.51992869
4108.98333025
4108.42574331
4107.721008
4106.58676326
4105.76889408
4105.62443626
4104.78405041
4105.18905121
4103.8956587
4102.91613826
4103.2340484
4101.60546911
4101.42680144
4100.46714512
4099.81270948
4099.81175151
4099.02747595
4098.80470225
4097.64574236
4097.21264046
4096.65350804
4095.93241984
4095.5921151
4095.42818752
4094.81852871
4093.94324958
4093.65955329
4092.87787747
4092.68027642
4091.92901862
4091.4758192
4090.96220416
4090.45381469
4089.95881528
4089.45756882
4088.95984468
4088.46102485
4087.97168314
4087.46566641
4086.95500758
4086.43966004
4085.92162663
4085.40252796
4084.87914199
4084.33967727
4083.81482181
4083.28193882
4082.72659466
4082.18028983
4081.62110069
4081.07156688
4080.49030009
4079.92070448
4079.32148859
4078.72896865
4078.07846311
4077.39816767
4076.74896497
4076.00089142
4075.25661248
4074.40943643
4073.56366977
4072.74270418
4072.12420967
4071.1181843
4069.51847103
4069.36432147
4059.12778327
4074.27405274
4050.79400545
4075.3930729
4075.050569
4073.8244209
4072.27459142
4070.67922589
4069.25601295
4067.31960621
4068.66912079
4067.1910322
4066.68447846
4067.79799494
4063.70259881
4062.87417814
4066.31845635
4063.06792918
4066.45179519
4066.36917153
4066.83144715
4065.76819259
4064.12128925
4062.58160225
4063.13703105
4063.71828932
4062.43809909
4061.35447389
4062.65526754
4062.80609727
4064.01691651
4063.51414642
4062.36950126
4062.63121209
4063.42088184
4063.71685788
4062.85568881
4062.72057727
4061.65326315
4063.41749802
4063.09012592
4060.03048071
4061.63889593
4063.70267439
4059.27212945
4060.87858972
4061.29434574
