XValue
Actual
Predicted
10.0
0.0041042,0.025952,0.32906,0.033702,0.0097044,0.004356,0.0024033,0.0014683,0.00096441,0.00066995,0.00047865,
0.989668,2.05188,3.47746,4.88793,3.72149,1.42671,1.40225,2.15055,3.07313,3.3246,3.5864,
10.5
0.0059695,0.036598,0.46954,0.050896,0.014452,0.0064498,0.0035477,0.0021634,0.0014192,0.00098501,0.00070327,
0.989805,2.05193,3.47737,4.88933,3.72205,1.42662,1.40228,2.15097,3.07363,3.32517,3.58703,
100.0
0.9704,2.1399,3.3457,4.0825,4.8477,4.0022,3.5088,3.5505,3.7386,3.8697,3.8415,
0.864185,2.0347,3.24467,3.96058,4.73317,3.87954,3.41674,3.67393,3.86508,3.99013,3.95329,
