XValue
Actual
Predicted
10.0
0.0041042,0.025952,0.32906,0.033702,0.0097044,0.004356,0.0024033,0.0014683,0.00096441,0.00066995,0.00047865,
1.00124,2.44646,2.90896,6.32293,5.05854,3.72293,3.10796,3.37214,3.10794,3.22941,3.3278,
10.5
0.0059695,0.036598,0.46954,0.050896,0.014452,0.0064498,0.0035477,0.0021634,0.0014192,0.00098501,0.00070327,
1.02849,2.45231,2.92691,6.22782,5.03323,3.73633,3.11796,3.37272,3.12618,3.25002,3.34363,
100.0
0.9704,2.1399,3.3457,4.0825,4.8477,4.0022,3.5088,3.5505,3.7386,3.8697,3.8415,
1.14672,2.31578,3.17725,4.2733,4.64173,3.7761,3.31242,3.37134,3.56036,3.68304,3.64424,
