XValue
Actual
Predicted
10.0
0.0041042,0.025952,0.32906,0.033702,0.0097044,0.004356,0.0024033,0.0014683,0.00096441,0.00066995,0.00047865,
0.988094,2.21606,3.58878,3.8349,4.80616,3.79028,3.42274,3.38896,3.65552,3.69488,3.62207,
10.5
0.0059695,0.036598,0.46954,0.050896,0.014452,0.0064498,0.0035477,0.0021634,0.0014192,0.00098501,0.00070327,
0.988072,2.21602,3.58878,3.83486,4.80596,3.79007,3.42263,3.38894,3.65554,3.69492,3.62212,
100.0
0.9704,2.1399,3.3457,4.0825,4.8477,4.0022,3.5088,3.5505,3.7386,3.8697,3.8415,
1.06031,2.2493,3.48733,4.03587,5.00215,4.09385,3.6161,3.57937,3.76994,3.76805,3.70565,
