XValue
Actual
Predicted
10.0
0.0041042,0.025952,0.32906,0.033702,0.0097044,0.004356,0.0024033,0.0014683,0.00096441,0.00066995,0.00047865,
0.825035,2.00248,3.20664,3.95796,4.99099,3.81677,3.36034,3.42302,3.61149,3.73472,3.71548,
10.5
0.0059695,0.036598,0.46954,0.050896,0.014452,0.0064498,0.0035477,0.0021634,0.0014192,0.00098501,0.00070327,
0.825035,2.00248,3.20664,3.95796,4.99099,3.81677,3.36034,3.42302,3.61149,3.73472,3.71548,
100.0
0.9704,2.1399,3.3457,4.0825,4.8477,4.0022,3.5088,3.5505,3.7386,3.8697,3.8415,
0.825043,2.00248,3.20665,3.95798,4.991,3.8168,3.36036,3.42303,3.6115,3.73473,3.71547,
