XValue
Actual
Predicted
10.0
0.0041042,0.025952,0.32906,0.033702,0.0097044,0.004356,0.0024033,0.0014683,0.00096441,0.00066995,0.00047865,
0.883519,2.02989,3.25595,3.94603,4.90819,4.03444,3.58845,3.6487,3.78888,3.78404,3.74901,
10.5
0.0059695,0.036598,0.46954,0.050896,0.014452,0.0064498,0.0035477,0.0021634,0.0014192,0.00098501,0.00070327,
0.883519,2.02989,3.25595,3.94603,4.90819,4.03444,3.58845,3.6487,3.78888,3.78404,3.74901,
100.0
0.9704,2.1399,3.3457,4.0825,4.8477,4.0022,3.5088,3.5505,3.7386,3.8697,3.8415,
0.883519,2.02989,3.25595,3.94603,4.90819,4.03444,3.58845,3.6487,3.78888,3.78404,3.74901,
