XValue
Actual
Predicted
10.0
0.0041042,0.025952,0.32906,0.033702,0.0097044,0.004356,0.0024033,0.0014683,0.00096441,0.00066995,0.00047865,
1.17568,2.26804,3.33903,4.5291,3.73949,2.29285,2.15493,2.3462,2.81538,2.91535,2.90903,
10.5
0.0059695,0.036598,0.46954,0.050896,0.014452,0.0064498,0.0035477,0.0021634,0.0014192,0.00098501,0.00070327,
1.17582,2.26818,3.33891,4.52961,3.74101,2.29482,2.15598,2.34688,2.81557,2.9153,2.90893,
100.0
0.9704,2.1399,3.3457,4.0825,4.8477,4.0022,3.5088,3.5505,3.7386,3.8697,3.8415,
1.06805,2.23899,3.25446,4.19057,4.96063,4.07726,3.6155,3.47186,3.6625,3.78629,3.74304,
