XValue
Actual
Predicted
10.0
0.0041042,0.025952,0.32906,0.033702,0.0097044,0.004356,0.0024033,0.0014683,0.00096441,0.00066995,0.00047865,
0.743173,2.4581,3.13294,4.68721,5.28643,4.38663,3.95026,3.91613,4.26844,4.26583,4.20591,
10.5
0.0059695,0.036598,0.46954,0.050896,0.014452,0.0064498,0.0035477,0.0021634,0.0014192,0.00098501,0.00070327,
0.746704,2.45082,3.13744,4.65259,5.27155,4.38053,3.94325,3.91096,4.25219,4.25848,4.20425,
100.0
0.9704,2.1399,3.3457,4.0825,4.8477,4.0022,3.5088,3.5505,3.7386,3.8697,3.8415,
0.763273,2.35167,3.14792,4.30771,5.08846,4.20325,3.74083,3.79339,3.98756,4.10912,4.07278,
