XValue
Actual
Predicted
10.0
0.0041042,0.025952,0.32906,0.033702,0.0097044,0.004356,0.0024033,0.0014683,0.00096441,0.00066995,0.00047865,
0.762635,1.59052,3.30599,5.02991,3.24535,1.22233,0.91524,1.12386,1.48375,1.52964,1.32,
10.5
0.0059695,0.036598,0.46954,0.050896,0.014452,0.0064498,0.0035477,0.0021634,0.0014192,0.00098501,0.00070327,
0.762646,1.59054,3.30602,5.03008,3.24545,1.22235,0.915237,1.12389,1.48379,1.52969,1.32003,
100.0
0.9704,2.1399,3.3457,4.0825,4.8477,4.0022,3.5088,3.5505,3.7386,3.8697,3.8415,
0.91654,2.0367,3.24444,3.88896,4.98985,3.90179,3.39839,3.46936,3.83889,4.0022,3.98143,
