XValue
Actual
Predicted
10.0
0.0041042,0.025952,0.32906,0.033702,0.0097044,0.004356,0.0024033,0.0014683,0.00096441,0.00066995,0.00047865,
0.822039,2.48349,3.39725,4.42709,5.22515,4.44498,3.96219,4.01637,4.22395,4.31197,4.22873,
10.5
0.0059695,0.036598,0.46954,0.050896,0.014452,0.0064498,0.0035477,0.0021634,0.0014192,0.00098501,0.00070327,
0.816525,2.47335,3.41512,4.41546,5.21438,4.42283,3.94134,4.00073,4.20628,4.29692,4.21713,
100.0
0.9704,2.1399,3.3457,4.0825,4.8477,4.0022,3.5088,3.5505,3.7386,3.8697,3.8415,
0.756905,2.36365,3.5594,4.31908,5.09936,4.20806,3.74795,3.80982,3.99858,4.12198,4.07681,
