XValue
Actual
Predicted
10.0
0.0041042,0.025952,0.32906,0.033702,0.0097044,0.004356,0.0024033,0.0014683,0.00096441,0.00066995,0.00047865,
0.823341,1.99348,3.20864,3.95664,5.00286,3.84068,3.36678,3.42594,3.89899,4.0272,3.98982,
10.5
0.0059695,0.036598,0.46954,0.050896,0.014452,0.0064498,0.0035477,0.0021634,0.0014192,0.00098501,0.00070327,
0.823341,1.99348,3.20864,3.95664,5.00286,3.84068,3.36678,3.42594,3.89899,4.0272,3.98982,
100.0
0.9704,2.1399,3.3457,4.0825,4.8477,4.0022,3.5088,3.5505,3.7386,3.8697,3.8415,
0.823341,1.99348,3.20864,3.95664,5.00286,3.84068,3.36678,3.42594,3.89899,4.0272,3.98982,
