XValue
Actual
Predicted
10.0
0.0041042,0.025952,0.32906,0.033702,0.0097044,0.004356,0.0024033,0.0014683,0.00096441,0.00066995,0.00047865,
0.868479,2.04292,3.2478,3.92986,4.77739,3.85152,3.38512,3.46552,3.66111,3.78358,3.74563,
10.5
0.0059695,0.036598,0.46954,0.050896,0.014452,0.0064498,0.0035477,0.0021634,0.0014192,0.00098501,0.00070327,
0.868479,2.04292,3.2478,3.92986,4.77739,3.85152,3.38512,3.46552,3.66111,3.78358,3.74563,
100.0
0.9704,2.1399,3.3457,4.0825,4.8477,4.0022,3.5088,3.5505,3.7386,3.8697,3.8415,
0.86849,2.04293,3.24781,3.9298,4.77741,3.85164,3.38523,3.46558,3.66114,3.7836,3.74564,
