XValue
Actual
Predicted
10.0
0.0041042,0.025952,0.32906,0.033702,0.0097044,0.004356,0.0024033,0.0014683,0.00096441,0.00066995,0.00047865,
1.18694,2.34397,3.62226,4.28826,5.00431,4.16611,3.7519,3.85896,3.92518,4.14728,4.00945,
10.5
0.0059695,0.036598,0.46954,0.050896,0.014452,0.0064498,0.0035477,0.0021634,0.0014192,0.00098501,0.00070327,
1.18693,2.34397,3.62226,4.28826,5.00431,4.16611,3.7519,3.85896,3.92518,4.14728,4.00945,
100.0
0.9704,2.1399,3.3457,4.0825,4.8477,4.0022,3.5088,3.5505,3.7386,3.8697,3.8415,
1.1869,2.34399,3.62225,4.28827,5.0043,4.16611,3.75189,3.85901,3.92517,4.14729,4.00943,
