XValue
Actual
Predicted
10.0
0.0041042,0.025952,0.32906,0.033702,0.0097044,0.004356,0.0024033,0.0014683,0.00096441,0.00066995,0.00047865,
0.750262,2.20355,3.4524,4.27577,2.88295,1.11875,1.72845,2.62214,3.1378,3.45886,3.65009,
10.5
0.0059695,0.036598,0.46954,0.050896,0.014452,0.0064498,0.0035477,0.0021634,0.0014192,0.00098501,0.00070327,
0.747344,2.20454,3.45321,4.27301,2.86153,1.0923,1.70881,2.60847,3.13024,3.45072,3.64622,
100.0
0.9704,2.1399,3.3457,4.0825,4.8477,4.0022,3.5088,3.5505,3.7386,3.8697,3.8415,
1.07474,2.25117,3.45356,4.20765,4.99442,4.10143,3.62582,3.6681,3.65196,3.77108,3.72545,
