XValue
Actual
Predicted
10.0
0.0041042,0.025952,0.32906,0.033702,0.0097044,0.004356,0.0024033,0.0014683,0.00096441,0.00066995,0.00047865,
0.716529,2.32314,3.53649,4.2792,4.53577,4.11318,3.66153,3.70983,3.81331,3.54557,3.52285,
10.5
0.0059695,0.036598,0.46954,0.050896,0.014452,0.0064498,0.0035477,0.0021634,0.0014192,0.00098501,0.00070327,
0.71693,2.31745,3.5417,4.26659,4.547,4.11857,3.66791,3.71146,3.82329,3.55897,3.53622,
100.0
0.9704,2.1399,3.3457,4.0825,4.8477,4.0022,3.5088,3.5505,3.7386,3.8697,3.8415,
0.76709,2.33835,3.55252,4.30212,4.65697,4.17525,3.7126,3.76329,3.95492,3.68325,3.64368,
