XValue
Actual
Predicted
10.0
0.0041042,0.025952,0.32906,0.033702,0.0097044,0.004356,0.0024033,0.0014683,0.00096441,0.00066995,0.00047865,
0.868109,2.25532,3.24969,4.33733,4.93247,4.18353,3.73146,3.74883,3.92606,4.0376,3.93329,
10.5
0.0059695,0.036598,0.46954,0.050896,0.014452,0.0064498,0.0035477,0.0021634,0.0014192,0.00098501,0.00070327,
0.868109,2.25532,3.24969,4.33733,4.93247,4.18353,3.73146,3.74883,3.92606,4.0376,3.93329,
100.0
0.9704,2.1399,3.3457,4.0825,4.8477,4.0022,3.5088,3.5505,3.7386,3.8697,3.8415,
0.868109,2.25532,3.24969,4.33733,4.93247,4.18353,3.73146,3.74883,3.92606,4.0376,3.93329,
