XValue
Actual
Predicted
10.0
0.0041042,0.025952,0.32906,0.033702,0.0097044,0.004356,0.0024033,0.0014683,0.00096441,0.00066995,0.00047865,
0.869075,2.02909,3.24131,4.15016,4.63609,4.07902,3.65832,3.70697,3.88956,4.00959,3.96381,
10.5
0.0059695,0.036598,0.46954,0.050896,0.014452,0.0064498,0.0035477,0.0021634,0.0014192,0.00098501,0.00070327,
0.869075,2.02909,3.24131,4.15016,4.63609,4.07902,3.65832,3.70697,3.88956,4.00959,3.96381,
100.0
0.9704,2.1399,3.3457,4.0825,4.8477,4.0022,3.5088,3.5505,3.7386,3.8697,3.8415,
0.869077,2.02911,3.24117,4.14862,4.63665,4.07989,3.65861,3.70693,3.88943,4.0094,3.96386,
