XValue
Actual
Predicted
10.0
0.0041042,0.025952,0.32906,0.033702,0.0097044,0.004356,0.0024033,0.0014683,0.00096441,0.00066995,0.00047865,
0.738378,2.49386,3.00023,4.74832,5.04813,4.43819,3.94938,3.98188,4.07769,4.24091,4.21012,
10.5
0.0059695,0.036598,0.46954,0.050896,0.014452,0.0064498,0.0035477,0.0021634,0.0014192,0.00098501,0.00070327,
0.741839,2.48351,3.01606,4.69223,5.05212,4.42879,3.93683,3.97516,4.07736,4.23518,4.21325,
100.0
0.9704,2.1399,3.3457,4.0825,4.8477,4.0022,3.5088,3.5505,3.7386,3.8697,3.8415,
0.762701,2.34855,3.14503,4.30907,5.08603,4.19655,3.72697,3.7844,3.97165,4.10416,4.06766,
