XValue
Actual
Predicted
10.0
0.0041042,0.025952,0.32906,0.033702,0.0097044,0.004356,0.0024033,0.0014683,0.00096441,0.00066995,0.00047865,
0.876575,2.0442,3.26145,4.18852,4.95332,3.89633,3.41932,3.47762,3.66754,3.97182,3.93723,
10.5
0.0059695,0.036598,0.46954,0.050896,0.014452,0.0064498,0.0035477,0.0021634,0.0014192,0.00098501,0.00070327,
0.876575,2.0442,3.26145,4.18852,4.95332,3.89633,3.41932,3.47762,3.66754,3.97182,3.93723,
100.0
0.9704,2.1399,3.3457,4.0825,4.8477,4.0022,3.5088,3.5505,3.7386,3.8697,3.8415,
0.876575,2.0442,3.26145,4.18852,4.95332,3.89633,3.41932,3.47762,3.66754,3.97182,3.93723,
