XValue
Actual
Predicted
10.0
0.0041042,0.025952,0.32906,0.033702,0.0097044,0.004356,0.0024033,0.0014683,0.00096441,0.00066995,0.00047865,
1.27563,2.4702,3.49677,4.312,4.76243,3.77516,3.46113,3.65728,3.71183,3.9896,3.83589,
10.5
0.0059695,0.036598,0.46954,0.050896,0.014452,0.0064498,0.0035477,0.0021634,0.0014192,0.00098501,0.00070327,
1.26584,2.45999,3.50287,4.27353,4.76331,3.78053,3.45209,3.63366,3.69991,3.96229,3.81908,
100.0
0.9704,2.1399,3.3457,4.0825,4.8477,4.0022,3.5088,3.5505,3.7386,3.8697,3.8415,
1.16431,2.33656,3.55675,3.88165,4.62788,3.76004,3.2892,3.34754,3.54117,3.66445,3.62599,
