XValue
Actual
Predicted
69.5
0.7686,1.896,3.4926,4.4263,4.258,4.8404,5.0201,4.46,3.522,2.6083,1.8672,
0.803469,1.94424,3.46404,4.5859,4.76024,4.562,4.34524,3.93046,3.4655,2.96786,2.48927,
47.5
0.18151,0.61165,2.9572,4.5143,1.1121,0.41767,0.20872,0.11975,0.07544,0.050894,0.035555,
0.520589,1.38989,3.47441,5.84254,5.58134,4.22381,2.71675,1.65625,0.942977,0.540003,0.280242,
21.0
0.068209,0.29079,2.4263,1.0554,0.24885,0.10167,0.053405,0.031643,0.020366,0.013948,0.0098571,
0.320775,0.962236,3.30418,5.70534,3.82566,1.91372,0.738202,0.252697,0.0336301,-0.0701073,-0.0799537,
