XValue
Actual
Predicted
10.0
0.0041042,0.025952,0.32906,0.033702,0.0097044,0.004356,0.0024033,0.0014683,0.00096441,0.00066995,0.00047865,
1.11916,2.10677,3.50218,4.18269,4.77885,4.12613,3.37219,3.42015,3.60781,3.7286,3.66762,
10.5
0.0059695,0.036598,0.46954,0.050896,0.014452,0.0064498,0.0035477,0.0021634,0.0014192,0.00098501,0.00070327,
1.11916,2.10676,3.50218,4.1827,4.77885,4.12613,3.37218,3.42015,3.60782,3.7286,3.66763,
100.0
0.9704,2.1399,3.3457,4.0825,4.8477,4.0022,3.5088,3.5505,3.7386,3.8697,3.8415,
1.11915,2.10645,3.50221,4.1829,4.77857,4.12607,3.37214,3.42019,3.60817,3.72873,3.66795,
