XValue
Actual
Predicted
10.0
0.0041042,0.025952,0.32906,0.033702,0.0097044,0.004356,0.0024033,0.0014683,0.00096441,0.00066995,0.00047865,
0.871493,2.05638,3.26654,3.97174,5.10253,4.03827,3.44619,3.49395,3.67473,3.79446,3.75553,
10.5
0.0059695,0.036598,0.46954,0.050896,0.014452,0.0064498,0.0035477,0.0021634,0.0014192,0.00098501,0.00070327,
0.871493,2.05638,3.26654,3.97174,5.10253,4.03827,3.44619,3.49395,3.67473,3.79446,3.75553,
100.0
0.9704,2.1399,3.3457,4.0825,4.8477,4.0022,3.5088,3.5505,3.7386,3.8697,3.8415,
0.871493,2.05638,3.26654,3.97174,5.10253,4.03827,3.44619,3.49395,3.67473,3.79446,3.75553,
