XValue
Actual
Predicted
10.0
0.0041042,0.025952,0.32906,0.033702,0.0097044,0.004356,0.0024033,0.0014683,0.00096441,0.00066995,0.00047865,
0.701895,2.33423,2.99831,4.34727,4.9116,4.1086,3.26344,3.63682,3.81004,3.89186,3.87721,
10.5
0.0059695,0.036598,0.46954,0.050896,0.014452,0.0064498,0.0035477,0.0021634,0.0014192,0.00098501,0.00070327,
0.708995,2.33261,3.01082,4.2994,4.91235,4.11193,3.27309,3.65333,3.83254,3.91847,3.90236,
100.0
0.9704,2.1399,3.3457,4.0825,4.8477,4.0022,3.5088,3.5505,3.7386,3.8697,3.8415,
0.768564,2.33463,3.14401,3.88901,5.06787,4.17908,3.30767,3.77403,3.96616,4.09485,4.04426,
