XValue
Actual
Predicted
10.0
0.0041042,0.025952,0.32906,0.033702,0.0097044,0.004356,0.0024033,0.0014683,0.00096441,0.00066995,0.00047865,
1.13434,2.30699,3.40874,4.48138,4.47969,3.6449,3.58205,3.59751,3.21052,3.70421,3.12263,
10.5
0.0059695,0.036598,0.46954,0.050896,0.014452,0.0064498,0.0035477,0.0021634,0.0014192,0.00098501,0.00070327,
1.13545,2.31002,3.41086,4.46747,4.50284,3.66309,3.59987,3.60603,3.22585,3.71765,3.14091,
100.0
0.9704,2.1399,3.3457,4.0825,4.8477,4.0022,3.5088,3.5505,3.7386,3.8697,3.8415,
1.15049,2.31729,3.53886,3.90498,4.66511,3.78574,3.68039,3.74488,3.58166,4.07062,3.67045,
