-1.331697583198547363e+00,-7.674688100814819336e-01,-9.356377124786376953e-01,-8.460736870765686035e-01,-1.368898510932922363e+00,-9.339153766632080078e-01,-9.682747125625610352e-01,-1.180624485015869141e+00,-1.004296064376831055e+00,-1.146681904792785645e+00,-1.329907178878784180e+00,-6.937651038169860840e-01,-8.419974446296691895e-01,-8.819523453712463379e-01,-1.161910653114318848e+00,-1.441704511642456055e+00,-8.738577365875244141e-01,-7.894445657730102539e-01,-7.193931341171264648e-01,-1.007485985755920410e+00
-1.376106500625610352e+00,-1.432992577552795410e+00,-1.306510567665100098e+00,-2.205406904220581055e+00,-1.530796051025390625e+00,-1.830116271972656250e+00,-1.242083549499511719e+00,-1.310299992561340332e+00,-1.211125969886779785e+00,-1.344012737274169922e+00,-1.416264414787292480e+00,-1.472383737564086914e+00,-1.488171219825744629e+00,-1.150364398956298828e+00,-1.531193375587463379e+00,-1.451793193817138672e+00,-1.294164657592773438e+00,-9.014710187911987305e-01,-1.725913405418395996e+00,-2.788768291473388672e+00
-1.168713688850402832e+00,-1.436008810997009277e+00,-1.359775781631469727e+00,-2.286148309707641602e+00,-1.328672528266906738e+00,-1.929246425628662109e+00,-1.311049818992614746e+00,-1.202575445175170898e+00,-1.231918931007385254e+00,-1.539332866668701172e+00,-1.295293211936950684e+00,-1.326844692230224609e+00,-1.540242075920104980e+00,-1.308638453483581543e+00,-1.324190735816955566e+00,-1.416470408439636230e+00,-1.481450676918029785e+00,-7.186986804008483887e-01,-1.789976954460144043e+00,-2.729022741317749023e+00
2.201142549514770508e+00,4.985459446907043457e-01,1.498613834381103516e+00,1.363001167774200439e-01,2.892736911773681641e+00,3.207218348979949951e-01,1.445548892021179199e+00,2.081182241439819336e+00,1.823200821876525879e+00,2.513226985931396484e+00,1.993500947952270508e+00,7.560846209526062012e-01,6.952635645866394043e-01,2.212147474288940430e+00,1.702326774597167969e+00,2.451502084732055664e+00,1.227964520454406738e+00,1.769153475761413574e+00,3.645958602428436279e-01,1.815113723278045654e-01
2.428378820419311523e+00,-4.443309307098388672e-01,-1.244886517524719238e-01,-4.492106437683105469e-01,1.832400321960449219e+00,-3.234488666057586670e-01,-1.792512387037277222e-01,4.679118394851684570e-01,-2.408903539180755615e-01,1.545246720314025879e+00,1.641228646039962769e-01,-2.895772755146026611e-01,-3.528007566928863525e-01,3.799099028110504150e-01,-7.468545436859130859e-02,1.239941954612731934e+00,-4.846618175506591797e-01,2.054447889328002930e+00,-2.955147027969360352e-01,-5.727712512016296387e-01
2.592841148376464844e+00,-1.533961743116378784e-01,-7.094604521989822388e-02,-4.228258132934570312e-01,1.854130268096923828e+00,-4.018950760364532471e-01,-3.095563948154449463e-01,6.628634929656982422e-01,-7.316903769969940186e-02,1.544387817382812500e+00,3.652917444705963135e-01,-2.735232710838317871e-01,-3.363998532295227051e-01,5.717279314994812012e-01,1.757586002349853516e-01,1.201823115348815918e+00,-2.633394598960876465e-01,2.265006303787231445e+00,-1.932989358901977539e-01,-3.427481949329376221e-01
1.307691931724548340e+00,1.631986975669860840e+00,2.275811672210693359e+00,1.082503080368041992e+00,2.066967248916625977e+00,1.372562050819396973e+00,2.076066970825195312e+00,2.160031318664550781e+00,2.247629880905151367e+00,2.465517282485961914e+00,2.070294857025146484e+00,2.042879104614257812e+00,1.785889625549316406e+00,2.267181158065795898e+00,2.211708068847656250e+00,2.188495635986328125e+00,2.011143684387207031e+00,1.319586992263793945e+00,1.291711568832397461e+00,1.029282331466674805e+00
1.881445169448852539e+00,7.984450459480285645e-01,1.875845193862915039e+00,7.954576611518859863e-01,2.343004703521728516e+00,8.390207886695861816e-01,1.662032485008239746e+00,1.873326182365417480e+00,1.906751036643981934e+00,2.212361812591552734e+00,2.236850500106811523e+00,1.472235918045043945e+00,1.179304838180541992e+00,2.081446647644042969e+00,1.815810203552246094e+00,2.373819589614868164e+00,1.698584318161010742e+00,1.552759289741516113e+00,8.078722357749938965e-01,3.908838629722595215e-01
-1.011476397514343262e+00,-1.201872944831848145e+00,-1.103614568710327148e+00,-1.761707305908203125e+00,-1.233160853385925293e+00,-1.861394047737121582e+00,-1.320362925529479980e+00,-1.130735397338867188e+00,-1.066280603408813477e+00,-1.227266669273376465e+00,-9.851649403572082520e-01,-1.290909171104431152e+00,-1.287708759307861328e+00,-1.069578170776367188e+00,-1.098808169364929199e+00,-1.449843645095825195e+00,-1.165424823760986328e+00,-7.263829112052917480e-01,-1.451644420623779297e+00,-2.675230503082275391e+00
-1.102769494056701660e+00,-1.190710663795471191e+00,-1.034620523452758789e+00,-1.846583127975463867e+00,-1.294061183929443359e+00,-1.785818099975585938e+00,-1.104871034622192383e+00,-1.076110005378723145e+00,-1.025228619575500488e+00,-1.457789182662963867e+00,-1.275001287460327148e+00,-1.088258147239685059e+00,-1.135540843009948730e+00,-9.493063092231750488e-01,-1.132500171661376953e+00,-1.511479496955871582e+00,-1.021882414817810059e+00,-6.848232746124267578e-01,-1.531507968902587891e+00,-2.537809848785400391e+00
2.451765298843383789e+00,-7.892546802759170532e-02,6.146953701972961426e-01,-3.178066015243530273e-01,2.642051219940185547e+00,-3.402614593505859375e-01,4.487193822860717773e-01,1.684739112854003906e+00,6.712773442268371582e-01,2.028100728988647461e+00,1.546197175979614258e+00,-1.897057518362998962e-02,-2.897787839174270630e-02,1.604334592819213867e+00,1.253876447677612305e+00,2.190438747406005859e+00,3.847701475024223328e-02,1.820793747901916504e+00,-1.125865802168846130e-02,-3.680264651775360107e-01
2.313860177993774414e+00,-1.144106388092041016e-01,1.627087444067001343e-01,-3.187176883220672607e-01,2.733315467834472656e+00,-3.039316534996032715e-01,-1.302830725908279419e-01,1.378872513771057129e+00,4.262342154979705811e-01,2.040437936782836914e+00,1.065894603729248047e+00,-1.490107178688049316e-01,-1.692754030227661133e-01,1.294845223426818848e+00,8.725088238716125488e-01,2.059885978698730469e+00,-1.489449739456176758e-01,1.781040787696838379e+00,1.076759099960327148e-01,-4.365290105342864990e-01
2.283482551574707031e+00,6.653357148170471191e-01,1.693819880485534668e+00,1.861519068479537964e-01,2.737330198287963867e+00,3.936379253864288330e-01,1.594501614570617676e+00,2.094730615615844727e+00,1.998033523559570312e+00,2.345611572265625000e+00,1.937621951103210449e+00,9.458994269371032715e-01,7.065978050231933594e-01,2.100716829299926758e+00,1.791924357414245605e+00,2.310130119323730469e+00,1.382678031921386719e+00,1.765818595886230469e+00,4.265213608741760254e-01,2.133666872978210449e-01
8.318408131599426270e-01,1.585445642471313477e+00,1.981766462326049805e+00,1.095579147338867188e+00,1.457615256309509277e+00,1.402961850166320801e+00,1.920348525047302246e+00,1.976036190986633301e+00,2.173927068710327148e+00,2.130124092102050781e+00,1.892284154891967773e+00,2.172007083892822266e+00,1.850754976272583008e+00,1.894414186477661133e+00,1.737536191940307617e+00,1.809662818908691406e+00,1.995392799377441406e+00,1.052955865859985352e+00,1.712097048759460449e+00,1.027585387229919434e+00
2.028950691223144531e+00,-5.377130210399627686e-02,9.361512660980224609e-01,-2.012364864349365234e-01,2.621309041976928711e+00,8.853811770677566528e-03,7.639079689979553223e-01,1.773860573768615723e+00,1.279096364974975586e+00,2.439150094985961914e+00,1.811124682426452637e+00,4.662972688674926758e-02,1.737200021743774414e-01,2.044465303421020508e+00,1.659667253494262695e+00,2.448243379592895508e+00,3.178745508193969727e-01,1.878964304924011230e+00,3.952850587666034698e-03,-2.909969985485076904e-01
1.162671566009521484e+00,1.512936115264892578e+00,1.905755162239074707e+00,1.183851003646850586e+00,1.560054898262023926e+00,1.347277402877807617e+00,1.994712948799133301e+00,1.773283481597900391e+00,2.253394842147827148e+00,2.245154380798339844e+00,1.941714763641357422e+00,2.013072252273559570e+00,1.853704571723937988e+00,2.044304847717285156e+00,1.985361337661743164e+00,1.939543128013610840e+00,1.991784572601318359e+00,1.123827815055847168e+00,1.617209792137145996e+00,9.419969320297241211e-01
1.014164566993713379e+00,9.762322306632995605e-01,1.869761466979980469e+00,8.012253642082214355e-01,1.561328887939453125e+00,1.039111137390136719e+00,1.748743534088134766e+00,1.691025018692016602e+00,1.873916506767272949e+00,1.882997632026672363e+00,1.875533580780029297e+00,1.587742209434509277e+00,1.603329062461853027e+00,1.841121315956115723e+00,1.827381968498229980e+00,1.981507778167724609e+00,1.630668759346008301e+00,1.084799408912658691e+00,9.761692881584167480e-01,5.543248057365417480e-01
1.647600412368774414e+00,9.064475297927856445e-01,1.813237071037292480e+00,3.259840905666351318e-01,2.367288112640380859e+00,7.217614054679870605e-01,1.624272346496582031e+00,1.921778917312622070e+00,2.012158870697021484e+00,2.078788042068481445e+00,2.065463781356811523e+00,1.103915333747863770e+00,9.045176506042480469e-01,2.059834480285644531e+00,1.713570594787597656e+00,2.166869401931762695e+00,1.581746935844421387e+00,1.384053468704223633e+00,6.448865532875061035e-01,3.707612156867980957e-01
2.431754350662231445e+00,-1.681354492902755737e-01,-2.376551628112792969e-01,-2.818837761878967285e-01,2.278039216995239258e+00,-2.642613053321838379e-01,-1.772480159997940063e-01,7.885805368423461914e-01,1.262442767620086670e-01,1.849545955657958984e+00,4.638141393661499023e-01,-6.374251842498779297e-02,-2.306917309761047363e-01,7.564984560012817383e-01,3.510700464248657227e-01,1.622073531150817871e+00,-2.861322760581970215e-01,2.080862522125244141e+00,-3.561945557594299316e-01,-4.589661359786987305e-01
6.358064413070678711e-01,1.471865177154541016e+00,1.845925092697143555e+00,1.129683256149291992e+00,1.397974252700805664e+00,1.574270844459533691e+00,1.882300615310668945e+00,1.736706018447875977e+00,1.935102701187133789e+00,1.837509870529174805e+00,1.753902673721313477e+00,1.865475296974182129e+00,1.653571486473083496e+00,1.678959846496582031e+00,1.816212534904479980e+00,1.698744177818298340e+00,1.743323087692260742e+00,8.265141844749450684e-01,1.518355846405029297e+00,1.228364944458007812e+00
